363.6551724137931
368.2610837438424
364.2216748768473
366.70443349753697
365.0049261083744
377.1330049261083
375.615763546798
370.71921182266004
385.7241379310345
398.06403940886696
404.9261083743842
415.1182266009852
420.6847290640394
428.30541871921184
422.3004926108374
419.00985221674875
404.82266009852214
383.0246305418719
377.0394088669951
380.85221674876846
394.48275862068965
392.62561576354676
385.6847290640394
375.32512315270935
376.53201970443354
380.03448275862064
366.92610837438417
369.75862068965523
366.03448275862075
388.2019704433497
390.51231527093597
368.85221674876846
364.65517241379314
351.96551724137925
352.98029556650243
360.320197044335
360.7536945812808
363.7931034482758
364.32019704433503
360.55665024630537
356.55665024630537
360.43349753694577
367.9901477832513
364.32019704433503
370.05911330049264
370.256157635468
368.8374384236453
361.91133004926104
363.4926108374384
366.91133004926104
362.85714285714283
367.40517241379314
363.6551724137931
368.2610837438424
364.2216748768473
366.70443349753697
365.0049261083744
377.1330049261083
375.615763546798
370.71921182266004
385.7241379310345
398.06403940886696
404.9261083743842
415.1182266009852
420.6847290640394
428.30541871921184
422.3004926108374
419.00985221674875
404.82266009852214
383.0246305418719
377.0394088669951
380.85221674876846
394.48275862068965
392.62561576354676
385.6847290640394
375.32512315270935
376.53201970443354
380.03448275862064
366.92610837438417
369.75862068965523
366.03448275862075
388.2019704433497
390.51231527093597
368.85221674876846
364.65517241379314
351.96551724137925
352.98029556650243
360.320197044335
360.7536945812808
363.7931034482758
364.32019704433503
360.55665024630537
356.55665024630537
360.43349753694577
367.9901477832513
364.32019704433503
370.05911330049264
370.256157635468
368.8374384236453
361.91133004926104
363.4926108374384
366.91133004926104
362.85714285714283
367.40517241379314
363.6551724137931
368.2610837438424
364.2216748768473
366.70443349753697
365.0049261083744
377.1330049261083
375.615763546798
370.71921182266004
385.7241379310345
398.06403940886696
404.9261083743842
415.1182266009852
420.6847290640394
428.30541871921184
422.3004926108374
419.00985221674875
404.82266009852214
383.0246305418719
377.0394088669951
380.85221674876846
394.48275862068965
392.62561576354676
385.6847290640394
375.32512315270935
376.53201970443354
380.03448275862064
366.92610837438417
369.75862068965523
366.03448275862075
388.2019704433497
390.51231527093597
368.85221674876846
364.65517241379314
351.96551724137925
352.98029556650243
360.320197044335
360.7536945812808
363.7931034482758
364.32019704433503
360.55665024630537
356.55665024630537
360.43349753694577
367.9901477832513
364.32019704433503
370.05911330049264
370.256157635468
368.8374384236453
361.91133004926104
363.4926108374384
366.91133004926104
362.85714285714283
367.40517241379314
363.6551724137931
368.2610837438424
364.2216748768473
366.70443349753697
365.0049261083744
377.1330049261083
375.615763546798
370.71921182266004
385.7241379310345
398.06403940886696
404.9261083743842
415.1182266009852
420.6847290640394
428.30541871921184
422.3004926108374
419.00985221674875
404.82266009852214
383.0246305418719
377.0394088669951
380.85221674876846
394.48275862068965
392.62561576354676
385.6847290640394
375.32512315270935
376.53201970443354
380.03448275862064
366.92610837438417
369.75862068965523
366.03448275862075
388.2019704433497
390.51231527093597
368.85221674876846
364.65517241379314
351.96551724137925
352.98029556650243
360.320197044335
360.7536945812808
363.7931034482758
364.32019704433503
360.55665024630537
356.55665024630537
360.43349753694577
367.9901477832513
364.32019704433503
370.05911330049264
370.256157635468
368.8374384236453
361.91133004926104
363.4926108374384
366.91133004926104
362.85714285714283
367.40517241379314
363.6551724137931
368.2610837438424
364.2216748768473
366.70443349753697
365.0049261083744
377.1330049261083
375.615763546798
370.71921182266004
385.7241379310345
398.06403940886696
404.9261083743842
415.1182266009852
420.6847290640394
428.30541871921184
422.3004926108374
419.00985221674875
404.82266009852214
383.0246305418719
377.0394088669951
380.85221674876846
394.48275862068965
392.62561576354676
385.6847290640394
375.32512315270935
376.53201970443354
380.03448275862064
366.92610837438417
369.75862068965523
366.03448275862075
388.2019704433497
390.51231527093597
368.85221674876846
364.65517241379314
351.96551724137925
352.98029556650243
360.320197044335
360.7536945812808
363.7931034482758
364.32019704433503
360.55665024630537
356.55665024630537
360.43349753694577
367.9901477832513
364.32019704433503
370.05911330049264
370.256157635468
368.8374384236453
361.91133004926104
363.4926108374384
366.91133004926104
362.85714285714283
367.40517241379314
363.6551724137931
368.2610837438424
364.2216748768473
366.70443349753697
365.0049261083744
377.1330049261083
375.615763546798
370.71921182266004
385.7241379310345
398.06403940886696
404.9261083743842
415.1182266009852
420.6847290640394
428.30541871921184
422.3004926108374
419.00985221674875
404.82266009852214
383.0246305418719
377.0394088669951
380.85221674876846
394.48275862068965
392.62561576354676
385.6847290640394
375.32512315270935
376.53201970443354
380.03448275862064
366.92610837438417
369.75862068965523
366.03448275862075
388.2019704433497
390.51231527093597
368.85221674876846
364.65517241379314
351.96551724137925
352.98029556650243
360.320197044335
360.7536945812808
363.7931034482758
364.32019704433503
360.55665024630537
356.55665024630537
360.43349753694577
367.9901477832513
364.32019704433503
370.05911330049264
370.256157635468
368.8374384236453
361.91133004926104
363.4926108374384
366.91133004926104
362.85714285714283
367.40517241379314
363.6551724137931
368.2610837438424
364.2216748768473
366.70443349753697
365.0049261083744
377.1330049261083
375.615763546798
370.71921182266004
385.7241379310345
398.06403940886696
404.9261083743842
415.1182266009852
420.6847290640394
428.30541871921184
422.3004926108374
419.00985221674875
404.82266009852214
383.0246305418719
377.0394088669951
380.85221674876846
394.48275862068965
392.62561576354676
385.6847290640394
375.32512315270935
376.53201970443354
380.03448275862064
366.92610837438417
369.75862068965523
366.03448275862075
388.2019704433497
390.51231527093597
368.85221674876846
364.65517241379314
351.96551724137925
352.98029556650243
360.320197044335
360.7536945812808
363.7931034482758
364.32019704433503
360.55665024630537
356.55665024630537
360.43349753694577
367.9901477832513
364.32019704433503
370.05911330049264
370.256157635468
368.8374384236453
361.91133004926104
363.4926108374384
366.91133004926104
362.85714285714283
367.40517241379314
363.6551724137931
368.2610837438424
364.2216748768473
366.70443349753697
365.0049261083744
377.1330049261083
375.615763546798
370.71921182266004
385.7241379310345
398.06403940886696
404.9261083743842
415.1182266009852
420.6847290640394
428.30541871921184
422.3004926108374
419.00985221674875
404.82266009852214
383.0246305418719
377.0394088669951
380.85221674876846
394.48275862068965
392.62561576354676
385.6847290640394
375.32512315270935
376.53201970443354
380.03448275862064
366.92610837438417
369.75862068965523
366.03448275862075
388.2019704433497
390.51231527093597
368.85221674876846
364.65517241379314
351.96551724137925
352.98029556650243
360.320197044335
360.7536945812808
363.7931034482758
364.32019704433503
360.55665024630537
356.55665024630537
360.43349753694577
367.9901477832513
364.32019704433503
370.05911330049264
370.256157635468
368.8374384236453
361.91133004926104
363.4926108374384
366.91133004926104
362.85714285714283
367.40517241379314
363.6551724137931
368.2610837438424
364.2216748768473
366.70443349753697
365.0049261083744
377.1330049261083
375.615763546798
370.71921182266004
385.7241379310345
398.06403940886696
404.9261083743842
415.1182266009852
420.6847290640394
428.30541871921184
422.3004926108374
419.00985221674875
404.82266009852214
383.0246305418719
377.0394088669951
380.85221674876846
394.48275862068965
392.62561576354676
385.6847290640394
375.32512315270935
376.53201970443354
380.03448275862064
366.92610837438417
369.75862068965523
366.03448275862075
388.2019704433497
390.51231527093597
368.85221674876846
364.65517241379314
351.96551724137925
352.98029556650243
360.320197044335
360.7536945812808
363.7931034482758
364.32019704433503
360.55665024630537
356.55665024630537
360.43349753694577
367.9901477832513
364.32019704433503
370.05911330049264
370.256157635468
368.8374384236453
361.91133004926104
363.4926108374384
366.91133004926104
362.85714285714283
367.40517241379314
363.6551724137931
368.2610837438424
364.2216748768473
366.70443349753697
365.0049261083744
377.1330049261083
375.615763546798
370.71921182266004
385.7241379310345
398.06403940886696
404.9261083743842
415.1182266009852
420.6847290640394
428.30541871921184
422.3004926108374
419.00985221674875
404.82266009852214
383.0246305418719
377.0394088669951
380.85221674876846
394.48275862068965
392.62561576354676
385.6847290640394
375.32512315270935
376.53201970443354
380.03448275862064
366.92610837438417
369.75862068965523
366.03448275862075
388.2019704433497
390.51231527093597
368.85221674876846
364.65517241379314
351.96551724137925
352.98029556650243
360.320197044335
360.7536945812808
363.7931034482758
364.32019704433503
360.55665024630537
356.55665024630537
360.43349753694577
367.9901477832513
364.32019704433503
370.05911330049264
370.256157635468
368.8374384236453
361.91133004926104
363.4926108374384
366.91133004926104
362.85714285714283
367.40517241379314
363.6551724137931
368.2610837438424
364.2216748768473
366.70443349753697
365.0049261083744
377.1330049261083
375.615763546798
370.71921182266004
385.7241379310345
398.06403940886696
404.9261083743842
415.1182266009852
420.6847290640394
428.30541871921184
422.3004926108374
419.00985221674875
404.82266009852214
383.0246305418719
377.0394088669951
380.85221674876846
394.48275862068965
392.62561576354676
385.6847290640394
375.32512315270935
376.53201970443354
380.03448275862064
366.92610837438417
369.75862068965523
366.03448275862075
388.2019704433497
390.51231527093597
368.85221674876846
364.65517241379314
351.96551724137925
352.98029556650243
360.320197044335
360.7536945812808
363.7931034482758
364.32019704433503
360.55665024630537
356.55665024630537
360.43349753694577
367.9901477832513
364.32019704433503
370.05911330049264
370.256157635468
368.8374384236453
361.91133004926104
363.4926108374384
366.91133004926104
362.85714285714283
367.40517241379314
363.6551724137931
368.2610837438424
364.2216748768473
366.70443349753697
365.0049261083744
377.1330049261083
375.615763546798
370.71921182266004
385.7241379310345
398.06403940886696
404.9261083743842
415.1182266009852
420.6847290640394
428.30541871921184
422.3004926108374
419.00985221674875
404.82266009852214
383.0246305418719
377.0394088669951
380.85221674876846
394.48275862068965
392.62561576354676
385.6847290640394
375.32512315270935
376.53201970443354
380.03448275862064
366.92610837438417
369.75862068965523
366.03448275862075
388.2019704433497
390.51231527093597
368.85221674876846
364.65517241379314
351.96551724137925
352.98029556650243
360.320197044335
360.7536945812808
363.7931034482758
364.32019704433503
360.55665024630537
356.55665024630537
360.43349753694577
367.9901477832513
364.32019704433503
370.05911330049264
370.256157635468
368.8374384236453
361.91133004926104
363.4926108374384
366.91133004926104
362.85714285714283
367.40517241379314
363.6551724137931
368.2610837438424
364.2216748768473
366.70443349753697
365.0049261083744
377.1330049261083
375.615763546798
370.71921182266004
385.7241379310345
398.06403940886696
404.9261083743842
415.1182266009852
420.6847290640394
428.30541871921184
422.3004926108374
419.00985221674875
404.82266009852214
383.0246305418719
377.0394088669951
380.85221674876846
394.48275862068965
392.62561576354676
385.6847290640394
375.32512315270935
376.53201970443354
380.03448275862064
366.92610837438417
369.75862068965523
366.03448275862075
388.2019704433497
390.51231527093597
368.85221674876846
364.65517241379314
351.96551724137925
352.98029556650243
360.320197044335
360.7536945812808
363.7931034482758
364.32019704433503
360.55665024630537
356.55665024630537
360.43349753694577
367.9901477832513
364.32019704433503
370.05911330049264
370.256157635468
368.8374384236453
361.91133004926104
363.4926108374384
366.91133004926104
362.85714285714283
367.40517241379314
363.6551724137931
368.2610837438424
364.2216748768473
366.70443349753697
365.0049261083744
377.1330049261083
375.615763546798
370.71921182266004
385.7241379310345
398.06403940886696
404.9261083743842
415.1182266009852
420.6847290640394
428.30541871921184
422.3004926108374
419.00985221674875
404.82266009852214
383.0246305418719
377.0394088669951
380.85221674876846
394.48275862068965
392.62561576354676
385.6847290640394
375.32512315270935
376.53201970443354
380.03448275862064
366.92610837438417
369.75862068965523
366.03448275862075
388.2019704433497
390.51231527093597
368.85221674876846
364.65517241379314
351.96551724137925
352.98029556650243
360.320197044335
360.7536945812808
363.7931034482758
364.32019704433503
360.55665024630537
356.55665024630537
360.43349753694577
367.9901477832513
364.32019704433503
370.05911330049264
370.256157635468
368.8374384236453
361.91133004926104
363.4926108374384
366.91133004926104
362.85714285714283
367.40517241379314
363.6551724137931
368.2610837438424
364.2216748768473
366.70443349753697
365.0049261083744
377.1330049261083
375.615763546798
370.71921182266004
385.7241379310345
398.06403940886696
404.9261083743842
415.1182266009852
420.6847290640394
428.30541871921184
422.3004926108374
419.00985221674875
404.82266009852214
383.0246305418719
377.0394088669951
380.85221674876846
394.48275862068965
392.62561576354676
385.6847290640394
375.32512315270935
376.53201970443354
380.03448275862064
366.92610837438417
369.75862068965523
366.03448275862075
388.2019704433497
390.51231527093597
368.85221674876846
364.65517241379314
351.96551724137925
352.98029556650243
360.320197044335
360.7536945812808
363.7931034482758
364.32019704433503
360.55665024630537
356.55665024630537
360.43349753694577
367.9901477832513
364.32019704433503
370.05911330049264
370.256157635468
368.8374384236453
361.91133004926104
363.4926108374384
366.91133004926104
362.85714285714283
367.40517241379314
363.6551724137931
368.2610837438424
364.2216748768473
366.70443349753697
365.0049261083744
377.1330049261083
375.615763546798
370.71921182266004
385.7241379310345
398.06403940886696
404.9261083743842
415.1182266009852
420.6847290640394
428.30541871921184
422.3004926108374
419.00985221674875
404.82266009852214
383.0246305418719
377.0394088669951
380.85221674876846
394.48275862068965
392.62561576354676
385.6847290640394
375.32512315270935
376.53201970443354
380.03448275862064
366.92610837438417
369.75862068965523
366.03448275862075
388.2019704433497
390.51231527093597
368.85221674876846
364.65517241379314
351.96551724137925
352.98029556650243
360.320197044335
360.7536945812808
363.7931034482758
364.32019704433503
360.55665024630537
356.55665024630537
360.43349753694577
367.9901477832513
364.32019704433503
370.05911330049264
370.256157635468
368.8374384236453
361.91133004926104
363.4926108374384
366.91133004926104
362.85714285714283
367.40517241379314
363.6551724137931
368.2610837438424
364.2216748768473
366.70443349753697
365.0049261083744
377.1330049261083
375.615763546798
370.71921182266004
385.7241379310345
398.06403940886696
404.9261083743842
415.1182266009852
420.6847290640394
428.30541871921184
422.3004926108374
419.00985221674875
404.82266009852214
383.0246305418719
377.0394088669951
380.85221674876846
394.48275862068965
392.62561576354676
385.6847290640394
375.32512315270935
376.53201970443354
380.03448275862064
366.92610837438417
369.75862068965523
366.03448275862075
388.2019704433497
390.51231527093597
368.85221674876846
364.65517241379314
351.96551724137925
352.98029556650243
360.320197044335
360.7536945812808
363.7931034482758
364.32019704433503
360.55665024630537
356.55665024630537
360.43349753694577
367.9901477832513
364.32019704433503
370.05911330049264
370.256157635468
368.8374384236453
361.91133004926104
363.4926108374384
366.91133004926104
362.85714285714283
367.40517241379314
363.6551724137931
368.2610837438424
364.2216748768473
366.70443349753697
365.0049261083744
377.1330049261083
375.615763546798
370.71921182266004
385.7241379310345
398.06403940886696
404.9261083743842
415.1182266009852
420.6847290640394
428.30541871921184
422.3004926108374
419.00985221674875
404.82266009852214
383.0246305418719
377.0394088669951
380.85221674876846
394.48275862068965
392.62561576354676
385.6847290640394
375.32512315270935
376.53201970443354
380.03448275862064
366.92610837438417
369.75862068965523
366.03448275862075
388.2019704433497
390.51231527093597
368.85221674876846
364.65517241379314
351.96551724137925
352.98029556650243
360.320197044335
360.7536945812808
363.7931034482758
364.32019704433503
360.55665024630537
356.55665024630537
360.43349753694577
367.9901477832513
364.32019704433503
370.05911330049264
370.256157635468
368.8374384236453
361.91133004926104
363.4926108374384
366.91133004926104
362.85714285714283
367.40517241379314
363.6551724137931
368.2610837438424
364.2216748768473
366.70443349753697
365.0049261083744
377.1330049261083
375.615763546798
370.71921182266004
385.7241379310345
398.06403940886696
404.9261083743842
415.1182266009852
420.6847290640394
428.30541871921184
422.3004926108374
419.00985221674875
404.82266009852214
383.0246305418719
377.0394088669951
380.85221674876846
394.48275862068965
392.62561576354676
385.6847290640394
375.32512315270935
376.53201970443354
380.03448275862064
366.92610837438417
369.75862068965523
366.03448275862075
388.2019704433497
390.51231527093597
368.85221674876846
364.65517241379314
351.96551724137925
352.98029556650243
360.320197044335
360.7536945812808
363.7931034482758
364.32019704433503
360.55665024630537
356.55665024630537
360.43349753694577
367.9901477832513
364.32019704433503
370.05911330049264
370.256157635468
368.8374384236453
361.91133004926104
363.4926108374384
366.91133004926104
362.85714285714283
367.40517241379314
363.6551724137931
368.2610837438424
364.2216748768473
366.70443349753697
365.0049261083744
377.1330049261083
375.615763546798
370.71921182266004
385.7241379310345
398.06403940886696
404.9261083743842
415.1182266009852
420.6847290640394
428.30541871921184
422.3004926108374
419.00985221674875
404.82266009852214
383.0246305418719
377.0394088669951
380.85221674876846
394.48275862068965
392.62561576354676
385.6847290640394
375.32512315270935
376.53201970443354
380.03448275862064
366.92610837438417
369.75862068965523
366.03448275862075
388.2019704433497
390.51231527093597
368.85221674876846
364.65517241379314
351.96551724137925
352.98029556650243
360.320197044335
360.7536945812808
363.7931034482758
364.32019704433503
360.55665024630537
356.55665024630537
360.43349753694577
367.9901477832513
364.32019704433503
370.05911330049264
370.256157635468
368.8374384236453
361.91133004926104
363.4926108374384
366.91133004926104
362.85714285714283
367.40517241379314
363.6551724137931
368.2610837438424
364.2216748768473
366.70443349753697
365.0049261083744
377.1330049261083
375.615763546798
370.71921182266004
385.7241379310345
398.06403940886696
404.9261083743842
415.1182266009852
420.6847290640394
428.30541871921184
422.3004926108374
419.00985221674875
404.82266009852214
383.0246305418719
377.0394088669951
380.85221674876846
394.48275862068965
392.62561576354676
385.6847290640394
375.32512315270935
376.53201970443354
380.03448275862064
366.92610837438417
369.75862068965523
366.03448275862075
388.2019704433497
390.51231527093597
368.85221674876846
364.65517241379314
351.96551724137925
352.98029556650243
360.320197044335
360.7536945812808
363.7931034482758
364.32019704433503
360.55665024630537
356.55665024630537
360.43349753694577
367.9901477832513
364.32019704433503
370.05911330049264
370.256157635468
368.8374384236453
361.91133004926104
363.4926108374384
366.91133004926104
362.85714285714283
367.40517241379314
363.6551724137931
368.2610837438424
364.2216748768473
366.70443349753697
365.0049261083744
377.1330049261083
375.615763546798
370.71921182266004
385.7241379310345
398.06403940886696
404.9261083743842
415.1182266009852
420.6847290640394
428.30541871921184
422.3004926108374
419.00985221674875
404.82266009852214
383.0246305418719
377.0394088669951
380.85221674876846
394.48275862068965
392.62561576354676
385.6847290640394
375.32512315270935
376.53201970443354
380.03448275862064
366.92610837438417
369.75862068965523
366.03448275862075
388.2019704433497
390.51231527093597
368.85221674876846
364.65517241379314
351.96551724137925
352.98029556650243
360.320197044335
360.7536945812808
363.7931034482758
364.32019704433503
360.55665024630537
356.55665024630537
360.43349753694577
367.9901477832513
364.32019704433503
370.05911330049264
370.256157635468
368.8374384236453
361.91133004926104
363.4926108374384
366.91133004926104
362.85714285714283
367.40517241379314
363.6551724137931
368.2610837438424
364.2216748768473
366.70443349753697
365.0049261083744
377.1330049261083
375.615763546798
370.71921182266004
385.7241379310345
398.06403940886696
404.9261083743842
415.1182266009852
420.6847290640394
428.30541871921184
422.3004926108374
419.00985221674875
404.82266009852214
383.0246305418719
377.0394088669951
380.85221674876846
394.48275862068965
392.62561576354676
385.6847290640394
375.32512315270935
376.53201970443354
380.03448275862064
366.92610837438417
369.75862068965523
366.03448275862075
388.2019704433497
390.51231527093597
368.85221674876846
364.65517241379314
351.96551724137925
352.98029556650243
360.320197044335
360.7536945812808
363.7931034482758
364.32019704433503
360.55665024630537
356.55665024630537
360.43349753694577
367.9901477832513
364.32019704433503
370.05911330049264
370.256157635468
368.8374384236453
361.91133004926104
363.4926108374384
366.91133004926104
362.85714285714283
367.40517241379314
363.6551724137931
368.2610837438424
364.2216748768473
366.70443349753697
365.0049261083744
377.1330049261083
375.615763546798
370.71921182266004
385.7241379310345
398.06403940886696
404.9261083743842
415.1182266009852
420.6847290640394
428.30541871921184
422.3004926108374
419.00985221674875
404.82266009852214
383.0246305418719
377.0394088669951
380.85221674876846
394.48275862068965
392.62561576354676
385.6847290640394
375.32512315270935
376.53201970443354
380.03448275862064
366.92610837438417
369.75862068965523
366.03448275862075
388.2019704433497
390.51231527093597
368.85221674876846
364.65517241379314
351.96551724137925
352.98029556650243
360.320197044335
360.7536945812808
363.7931034482758
364.32019704433503
360.55665024630537
356.55665024630537
360.43349753694577
367.9901477832513
364.32019704433503
370.05911330049264
370.256157635468
368.8374384236453
361.91133004926104
363.4926108374384
366.91133004926104
362.85714285714283
367.40517241379314
363.6551724137931
368.2610837438424
364.2216748768473
366.70443349753697
365.0049261083744
377.1330049261083
375.615763546798
370.71921182266004
385.7241379310345
398.06403940886696
404.9261083743842
415.1182266009852
420.6847290640394
428.30541871921184
422.3004926108374
419.00985221674875
404.82266009852214
383.0246305418719
377.0394088669951
380.85221674876846
394.48275862068965
392.62561576354676
385.6847290640394
375.32512315270935
376.53201970443354
380.03448275862064
366.92610837438417
369.75862068965523
366.03448275862075
388.2019704433497
390.51231527093597
368.85221674876846
364.65517241379314
351.96551724137925
352.98029556650243
360.320197044335
360.7536945812808
363.7931034482758
364.32019704433503
360.55665024630537
356.55665024630537
360.43349753694577
367.9901477832513
364.32019704433503
370.05911330049264
370.256157635468
368.8374384236453
361.91133004926104
363.4926108374384
366.91133004926104
362.85714285714283
367.40517241379314
363.6551724137931
368.2610837438424
364.2216748768473
366.70443349753697
365.0049261083744
377.1330049261083
375.615763546798
370.71921182266004
385.7241379310345
398.06403940886696
404.9261083743842
415.1182266009852
420.6847290640394
428.30541871921184
422.3004926108374
419.00985221674875
404.82266009852214
383.0246305418719
377.0394088669951
380.85221674876846
394.48275862068965
392.62561576354676
385.6847290640394
375.32512315270935
376.53201970443354
380.03448275862064
366.92610837438417
369.75862068965523
366.03448275862075
388.2019704433497
390.51231527093597
368.85221674876846
364.65517241379314
351.96551724137925
352.98029556650243
360.320197044335
360.7536945812808
363.7931034482758
364.32019704433503
360.55665024630537
356.55665024630537
360.43349753694577
367.9901477832513
364.32019704433503
370.05911330049264
370.256157635468
368.8374384236453
361.91133004926104
363.4926108374384
366.91133004926104
362.85714285714283
367.40517241379314
363.6551724137931
368.2610837438424
364.2216748768473
366.70443349753697
365.0049261083744
377.1330049261083
375.615763546798
370.71921182266004
385.7241379310345
398.06403940886696
404.9261083743842
415.1182266009852
420.6847290640394
428.30541871921184
422.3004926108374
419.00985221674875
404.82266009852214
383.0246305418719
377.0394088669951
380.85221674876846
394.48275862068965
392.62561576354676
385.6847290640394
375.32512315270935
376.53201970443354
380.03448275862064
366.92610837438417
369.75862068965523
366.03448275862075
388.2019704433497
390.51231527093597
368.85221674876846
364.65517241379314
351.96551724137925
352.98029556650243
360.320197044335
360.7536945812808
363.7931034482758
364.32019704433503
360.55665024630537
356.55665024630537
360.43349753694577
367.9901477832513
364.32019704433503
370.05911330049264
370.256157635468
368.8374384236453
361.91133004926104
363.4926108374384
366.91133004926104
362.85714285714283
367.40517241379314
363.6551724137931
368.2610837438424
364.2216748768473
366.70443349753697
365.0049261083744
377.1330049261083
375.615763546798
370.71921182266004
385.7241379310345
398.06403940886696
404.9261083743842
415.1182266009852
420.6847290640394
428.30541871921184
422.3004926108374
419.00985221674875
404.82266009852214
383.0246305418719
377.0394088669951
380.85221674876846
394.48275862068965
392.62561576354676
385.6847290640394
375.32512315270935
376.53201970443354
380.03448275862064
366.92610837438417
369.75862068965523
366.03448275862075
388.2019704433497
390.51231527093597
368.85221674876846
364.65517241379314
351.96551724137925
352.98029556650243
360.320197044335
360.7536945812808
363.7931034482758
364.32019704433503
360.55665024630537
356.55665024630537
360.43349753694577
367.9901477832513
364.32019704433503
370.05911330049264
370.256157635468
368.8374384236453
361.91133004926104
363.4926108374384
366.91133004926104
362.85714285714283
367.40517241379314
363.6551724137931
368.2610837438424
364.2216748768473
366.70443349753697
365.0049261083744
377.1330049261083
375.615763546798
370.71921182266004
385.7241379310345
398.06403940886696
404.9261083743842
415.1182266009852
420.6847290640394
428.30541871921184
422.3004926108374
419.00985221674875
404.82266009852214
383.0246305418719
377.0394088669951
380.85221674876846
394.48275862068965
392.62561576354676
385.6847290640394
375.32512315270935
376.53201970443354
380.03448275862064
366.92610837438417
369.75862068965523
366.03448275862075
388.2019704433497
390.51231527093597
368.85221674876846
364.65517241379314
351.96551724137925
352.98029556650243
360.320197044335
360.7536945812808
363.7931034482758
364.32019704433503
360.55665024630537
356.55665024630537
360.43349753694577
367.9901477832513
364.32019704433503
370.05911330049264
370.256157635468
368.8374384236453
361.91133004926104
363.4926108374384
366.91133004926104
362.85714285714283
367.40517241379314