62.67044334975369
68.22068965517242
61.117241379310336
70.29556650246306
66.26108374384236
88.35073891625618
85.4935960591133
75.8551724137931
104.06699507389162
130.45665024630543
137.14187192118226
156.25073891625615
165.6206896551724
181.76748768472908
169.87635467980297
164.5320197044335
136.85123152709363
97.45221674876849
88.1847290640394
99.89507389162563
124.4674876847291
120.13497536945816
107.7729064039409
88.43645320197045
97.12857142857145
101.60541871921183
77.24827586206895
86.35172413793103
75.34630541871921
129.61970443349753
124.06157635467981
83.00295566502463
75.04532019704433
54.29852216748768
57.24334975369458
68.41182266009852
69.37487684729065
73.10591133004925
70.81133004926107
62.63645320197044
55.11576354679803
62.98817733990148
76.44187192118225
70.60935960591134
81.95172413793104
78.14285714285714
76.06896551724138
64.40788177339901
67.50492610837439
73.59950738916257
63.3320197044335
71.4948275862069
62.67044334975369
68.22068965517242
61.117241379310336
70.29556650246306
66.26108374384236
88.35073891625618
85.4935960591133
75.8551724137931
104.06699507389162
130.45665024630543
137.14187192118226
156.25073891625615
165.6206896551724
181.76748768472908
169.87635467980297
164.5320197044335
136.85123152709363
97.45221674876849
88.1847290640394
99.89507389162563
124.4674876847291
120.13497536945816
107.7729064039409
88.43645320197045
97.12857142857145
101.60541871921183
77.24827586206895
86.35172413793103
75.34630541871921
129.61970443349753
124.06157635467981
83.00295566502463
75.04532019704433
54.29852216748768
57.24334975369458
68.41182266009852
69.37487684729065
73.10591133004925
70.81133004926107
62.63645320197044
55.11576354679803
62.98817733990148
76.44187192118225
70.60935960591134
81.95172413793104
78.14285714285714
76.06896551724138
64.40788177339901
67.50492610837439
73.59950738916257
63.3320197044335
71.4948275862069
62.67044334975369
68.22068965517242
61.117241379310336
70.29556650246306
66.26108374384236
88.35073891625618
85.4935960591133
75.8551724137931
104.06699507389162
130.45665024630543
137.14187192118226
156.25073891625615
165.6206896551724
181.76748768472908
169.87635467980297
164.5320197044335
136.85123152709363
97.45221674876849
88.1847290640394
99.89507389162563
124.4674876847291
120.13497536945816
107.7729064039409
88.43645320197045
97.12857142857145
101.60541871921183
77.24827586206895
86.35172413793103
75.34630541871921
129.61970443349753
124.06157635467981
83.00295566502463
75.04532019704433
54.29852216748768
57.24334975369458
68.41182266009852
69.37487684729065
73.10591133004925
70.81133004926107
62.63645320197044
55.11576354679803
62.98817733990148
76.44187192118225
70.60935960591134
81.95172413793104
78.14285714285714
76.06896551724138
64.40788177339901
67.50492610837439
73.59950738916257
63.3320197044335
71.4948275862069
62.67044334975369
68.22068965517242
61.117241379310336
70.29556650246306
66.26108374384236
88.35073891625618
85.4935960591133
75.8551724137931
104.06699507389162
130.45665024630543
137.14187192118226
156.25073891625615
165.6206896551724
181.76748768472908
169.87635467980297
164.5320197044335
136.85123152709363
97.45221674876849
88.1847290640394
99.89507389162563
124.4674876847291
120.13497536945816
107.7729064039409
88.43645320197045
97.12857142857145
101.60541871921183
77.24827586206895
86.35172413793103
75.34630541871921
129.61970443349753
124.06157635467981
83.00295566502463
75.04532019704433
54.29852216748768
57.24334975369458
68.41182266009852
69.37487684729065
73.10591133004925
70.81133004926107
62.63645320197044
55.11576354679803
62.98817733990148
76.44187192118225
70.60935960591134
81.95172413793104
78.14285714285714
76.06896551724138
64.40788177339901
67.50492610837439
73.59950738916257
63.3320197044335
71.4948275862069
62.67044334975369
68.22068965517242
61.117241379310336
70.29556650246306
66.26108374384236
88.35073891625618
85.4935960591133
75.8551724137931
104.06699507389162
130.45665024630543
137.14187192118226
156.25073891625615
165.6206896551724
181.76748768472908
169.87635467980297
164.5320197044335
136.85123152709363
97.45221674876849
88.1847290640394
99.89507389162563
124.4674876847291
120.13497536945816
107.7729064039409
88.43645320197045
97.12857142857145
101.60541871921183
77.24827586206895
86.35172413793103
75.34630541871921
129.61970443349753
124.06157635467981
83.00295566502463
75.04532019704433
54.29852216748768
57.24334975369458
68.41182266009852
69.37487684729065
73.10591133004925
70.81133004926107
62.63645320197044
55.11576354679803
62.98817733990148
76.44187192118225
70.60935960591134
81.95172413793104
78.14285714285714
76.06896551724138
64.40788177339901
67.50492610837439
73.59950738916257
63.3320197044335
71.4948275862069
62.67044334975369
68.22068965517242
61.117241379310336
70.29556650246306
66.26108374384236
88.35073891625618
85.4935960591133
75.8551724137931
104.06699507389162
130.45665024630543
137.14187192118226
156.25073891625615
165.6206896551724
181.76748768472908
169.87635467980297
164.5320197044335
136.85123152709363
97.45221674876849
88.1847290640394
99.89507389162563
124.4674876847291
120.13497536945816
107.7729064039409
88.43645320197045
97.12857142857145
101.60541871921183
77.24827586206895
86.35172413793103
75.34630541871921
129.61970443349753
124.06157635467981
83.00295566502463
75.04532019704433
54.29852216748768
57.24334975369458
68.41182266009852
69.37487684729065
73.10591133004925
70.81133004926107
62.63645320197044
55.11576354679803
62.98817733990148
76.44187192118225
70.60935960591134
81.95172413793104
78.14285714285714
76.06896551724138
64.40788177339901
67.50492610837439
73.59950738916257
63.3320197044335
71.4948275862069
62.67044334975369
68.22068965517242
61.117241379310336
70.29556650246306
66.26108374384236
88.35073891625618
85.4935960591133
75.8551724137931
104.06699507389162
130.45665024630543
137.14187192118226
156.25073891625615
165.6206896551724
181.76748768472908
169.87635467980297
164.5320197044335
136.85123152709363
97.45221674876849
88.1847290640394
99.89507389162563
124.4674876847291
120.13497536945816
107.7729064039409
88.43645320197045
97.12857142857145
101.60541871921183
77.24827586206895
86.35172413793103
75.34630541871921
129.61970443349753
124.06157635467981
83.00295566502463
75.04532019704433
54.29852216748768
57.24334975369458
68.41182266009852
69.37487684729065
73.10591133004925
70.81133004926107
62.63645320197044
55.11576354679803
62.98817733990148
76.44187192118225
70.60935960591134
81.95172413793104
78.14285714285714
76.06896551724138
64.40788177339901
67.50492610837439
73.59950738916257
63.3320197044335
71.4948275862069
62.67044334975369
68.22068965517242
61.117241379310336
70.29556650246306
66.26108374384236
88.35073891625618
85.4935960591133
75.8551724137931
104.06699507389162
130.45665024630543
137.14187192118226
156.25073891625615
165.6206896551724
181.76748768472908
169.87635467980297
164.5320197044335
136.85123152709363
97.45221674876849
88.1847290640394
99.89507389162563
124.4674876847291
120.13497536945816
107.7729064039409
88.43645320197045
97.12857142857145
101.60541871921183
77.24827586206895
86.35172413793103
75.34630541871921
129.61970443349753
124.06157635467981
83.00295566502463
75.04532019704433
54.29852216748768
57.24334975369458
68.41182266009852
69.37487684729065
73.10591133004925
70.81133004926107
62.63645320197044
55.11576354679803
62.98817733990148
76.44187192118225
70.60935960591134
81.95172413793104
78.14285714285714
76.06896551724138
64.40788177339901
67.50492610837439
73.59950738916257
63.3320197044335
71.4948275862069
62.67044334975369
68.22068965517242
61.117241379310336
70.29556650246306
66.26108374384236
88.35073891625618
85.4935960591133
75.8551724137931
104.06699507389162
130.45665024630543
137.14187192118226
156.25073891625615
165.6206896551724
181.76748768472908
169.87635467980297
164.5320197044335
136.85123152709363
97.45221674876849
88.1847290640394
99.89507389162563
124.4674876847291
120.13497536945816
107.7729064039409
88.43645320197045
97.12857142857145
101.60541871921183
77.24827586206895
86.35172413793103
75.34630541871921
129.61970443349753
124.06157635467981
83.00295566502463
75.04532019704433
54.29852216748768
57.24334975369458
68.41182266009852
69.37487684729065
73.10591133004925
70.81133004926107
62.63645320197044
55.11576354679803
62.98817733990148
76.44187192118225
70.60935960591134
81.95172413793104
78.14285714285714
76.06896551724138
64.40788177339901
67.50492610837439
73.59950738916257
63.3320197044335
71.4948275862069
62.67044334975369
68.22068965517242
61.117241379310336
70.29556650246306
66.26108374384236
88.35073891625618
85.4935960591133
75.8551724137931
104.06699507389162
130.45665024630543
137.14187192118226
156.25073891625615
165.6206896551724
181.76748768472908
169.87635467980297
164.5320197044335
136.85123152709363
97.45221674876849
88.1847290640394
99.89507389162563
124.4674876847291
120.13497536945816
107.7729064039409
88.43645320197045
97.12857142857145
101.60541871921183
77.24827586206895
86.35172413793103
75.34630541871921
129.61970443349753
124.06157635467981
83.00295566502463
75.04532019704433
54.29852216748768
57.24334975369458
68.41182266009852
69.37487684729065
73.10591133004925
70.81133004926107
62.63645320197044
55.11576354679803
62.98817733990148
76.44187192118225
70.60935960591134
81.95172413793104
78.14285714285714
76.06896551724138
64.40788177339901
67.50492610837439
73.59950738916257
63.3320197044335
71.4948275862069
62.67044334975369
68.22068965517242
61.117241379310336
70.29556650246306
66.26108374384236
88.35073891625618
85.4935960591133
75.8551724137931
104.06699507389162
130.45665024630543
137.14187192118226
156.25073891625615
165.6206896551724
181.76748768472908
169.87635467980297
164.5320197044335
136.85123152709363
97.45221674876849
88.1847290640394
99.89507389162563
124.4674876847291
120.13497536945816
107.7729064039409
88.43645320197045
97.12857142857145
101.60541871921183
77.24827586206895
86.35172413793103
75.34630541871921
129.61970443349753
124.06157635467981
83.00295566502463
75.04532019704433
54.29852216748768
57.24334975369458
68.41182266009852
69.37487684729065
73.10591133004925
70.81133004926107
62.63645320197044
55.11576354679803
62.98817733990148
76.44187192118225
70.60935960591134
81.95172413793104
78.14285714285714
76.06896551724138
64.40788177339901
67.50492610837439
73.59950738916257
63.3320197044335
71.4948275862069
62.67044334975369
68.22068965517242
61.117241379310336
70.29556650246306
66.26108374384236
88.35073891625618
85.4935960591133
75.8551724137931
104.06699507389162
130.45665024630543
137.14187192118226
156.25073891625615
165.6206896551724
181.76748768472908
169.87635467980297
164.5320197044335
136.85123152709363
97.45221674876849
88.1847290640394
99.89507389162563
124.4674876847291
120.13497536945816
107.7729064039409
88.43645320197045
97.12857142857145
101.60541871921183
77.24827586206895
86.35172413793103
75.34630541871921
129.61970443349753
124.06157635467981
83.00295566502463
75.04532019704433
54.29852216748768
57.24334975369458
68.41182266009852
69.37487684729065
73.10591133004925
70.81133004926107
62.63645320197044
55.11576354679803
62.98817733990148
76.44187192118225
70.60935960591134
81.95172413793104
78.14285714285714
76.06896551724138
64.40788177339901
67.50492610837439
73.59950738916257
63.3320197044335
71.4948275862069
62.67044334975369
68.22068965517242
61.117241379310336
70.29556650246306
66.26108374384236
88.35073891625618
85.4935960591133
75.8551724137931
104.06699507389162
130.45665024630543
137.14187192118226
156.25073891625615
165.6206896551724
181.76748768472908
169.87635467980297
164.5320197044335
136.85123152709363
97.45221674876849
88.1847290640394
99.89507389162563
124.4674876847291
120.13497536945816
107.7729064039409
88.43645320197045
97.12857142857145
101.60541871921183
77.24827586206895
86.35172413793103
75.34630541871921
129.61970443349753
124.06157635467981
83.00295566502463
75.04532019704433
54.29852216748768
57.24334975369458
68.41182266009852
69.37487684729065
73.10591133004925
70.81133004926107
62.63645320197044
55.11576354679803
62.98817733990148
76.44187192118225
70.60935960591134
81.95172413793104
78.14285714285714
76.06896551724138
64.40788177339901
67.50492610837439
73.59950738916257
63.3320197044335
71.4948275862069
62.67044334975369
68.22068965517242
61.117241379310336
70.29556650246306
66.26108374384236
88.35073891625618
85.4935960591133
75.8551724137931
104.06699507389162
130.45665024630543
137.14187192118226
156.25073891625615
165.6206896551724
181.76748768472908
169.87635467980297
164.5320197044335
136.85123152709363
97.45221674876849
88.1847290640394
99.89507389162563
124.4674876847291
120.13497536945816
107.7729064039409
88.43645320197045
97.12857142857145
101.60541871921183
77.24827586206895
86.35172413793103
75.34630541871921
129.61970443349753
124.06157635467981
83.00295566502463
75.04532019704433
54.29852216748768
57.24334975369458
68.41182266009852
69.37487684729065
73.10591133004925
70.81133004926107
62.63645320197044
55.11576354679803
62.98817733990148
76.44187192118225
70.60935960591134
81.95172413793104
78.14285714285714
76.06896551724138
64.40788177339901
67.50492610837439
73.59950738916257
63.3320197044335
71.4948275862069
62.67044334975369
68.22068965517242
61.117241379310336
70.29556650246306
66.26108374384236
88.35073891625618
85.4935960591133
75.8551724137931
104.06699507389162
130.45665024630543
137.14187192118226
156.25073891625615
165.6206896551724
181.76748768472908
169.87635467980297
164.5320197044335
136.85123152709363
97.45221674876849
88.1847290640394
99.89507389162563
124.4674876847291
120.13497536945816
107.7729064039409
88.43645320197045
97.12857142857145
101.60541871921183
77.24827586206895
86.35172413793103
75.34630541871921
129.61970443349753
124.06157635467981
83.00295566502463
75.04532019704433
54.29852216748768
57.24334975369458
68.41182266009852
69.37487684729065
73.10591133004925
70.81133004926107
62.63645320197044
55.11576354679803
62.98817733990148
76.44187192118225
70.60935960591134
81.95172413793104
78.14285714285714
76.06896551724138
64.40788177339901
67.50492610837439
73.59950738916257
63.3320197044335
71.4948275862069
62.67044334975369
68.22068965517242
61.117241379310336
70.29556650246306
66.26108374384236
88.35073891625618
85.4935960591133
75.8551724137931
104.06699507389162
130.45665024630543
137.14187192118226
156.25073891625615
165.6206896551724
181.76748768472908
169.87635467980297
164.5320197044335
136.85123152709363
97.45221674876849
88.1847290640394
99.89507389162563
124.4674876847291
120.13497536945816
107.7729064039409
88.43645320197045
97.12857142857145
101.60541871921183
77.24827586206895
86.35172413793103
75.34630541871921
129.61970443349753
124.06157635467981
83.00295566502463
75.04532019704433
54.29852216748768
57.24334975369458
68.41182266009852
69.37487684729065
73.10591133004925
70.81133004926107
62.63645320197044
55.11576354679803
62.98817733990148
76.44187192118225
70.60935960591134
81.95172413793104
78.14285714285714
76.06896551724138
64.40788177339901
67.50492610837439
73.59950738916257
63.3320197044335
71.4948275862069
62.67044334975369
68.22068965517242
61.117241379310336
70.29556650246306
66.26108374384236
88.35073891625618
85.4935960591133
75.8551724137931
104.06699507389162
130.45665024630543
137.14187192118226
156.25073891625615
165.6206896551724
181.76748768472908
169.87635467980297
164.5320197044335
136.85123152709363
97.45221674876849
88.1847290640394
99.89507389162563
124.4674876847291
120.13497536945816
107.7729064039409
88.43645320197045
97.12857142857145
101.60541871921183
77.24827586206895
86.35172413793103
75.34630541871921
129.61970443349753
124.06157635467981
83.00295566502463
75.04532019704433
54.29852216748768
57.24334975369458
68.41182266009852
69.37487684729065
73.10591133004925
70.81133004926107
62.63645320197044
55.11576354679803
62.98817733990148
76.44187192118225
70.60935960591134
81.95172413793104
78.14285714285714
76.06896551724138
64.40788177339901
67.50492610837439
73.59950738916257
63.3320197044335
71.4948275862069
62.67044334975369
68.22068965517242
61.117241379310336
70.29556650246306
66.26108374384236
88.35073891625618
85.4935960591133
75.8551724137931
104.06699507389162
130.45665024630543
137.14187192118226
156.25073891625615
165.6206896551724
181.76748768472908
169.87635467980297
164.5320197044335
136.85123152709363
97.45221674876849
88.1847290640394
99.89507389162563
124.4674876847291
120.13497536945816
107.7729064039409
88.43645320197045
97.12857142857145
101.60541871921183
77.24827586206895
86.35172413793103
75.34630541871921
129.61970443349753
124.06157635467981
83.00295566502463
75.04532019704433
54.29852216748768
57.24334975369458
68.41182266009852
69.37487684729065
73.10591133004925
70.81133004926107
62.63645320197044
55.11576354679803
62.98817733990148
76.44187192118225
70.60935960591134
81.95172413793104
78.14285714285714
76.06896551724138
64.40788177339901
67.50492610837439
73.59950738916257
63.3320197044335
71.4948275862069
62.67044334975369
68.22068965517242
61.117241379310336
70.29556650246306
66.26108374384236
88.35073891625618
85.4935960591133
75.8551724137931
104.06699507389162
130.45665024630543
137.14187192118226
156.25073891625615
165.6206896551724
181.76748768472908
169.87635467980297
164.5320197044335
136.85123152709363
97.45221674876849
88.1847290640394
99.89507389162563
124.4674876847291
120.13497536945816
107.7729064039409
88.43645320197045
97.12857142857145
101.60541871921183
77.24827586206895
86.35172413793103
75.34630541871921
129.61970443349753
124.06157635467981
83.00295566502463
75.04532019704433
54.29852216748768
57.24334975369458
68.41182266009852
69.37487684729065
73.10591133004925
70.81133004926107
62.63645320197044
55.11576354679803
62.98817733990148
76.44187192118225
70.60935960591134
81.95172413793104
78.14285714285714
76.06896551724138
64.40788177339901
67.50492610837439
73.59950738916257
63.3320197044335
71.4948275862069
62.67044334975369
68.22068965517242
61.117241379310336
70.29556650246306
66.26108374384236
88.35073891625618
85.4935960591133
75.8551724137931
104.06699507389162
130.45665024630543
137.14187192118226
156.25073891625615
165.6206896551724
181.76748768472908
169.87635467980297
164.5320197044335
136.85123152709363
97.45221674876849
88.1847290640394
99.89507389162563
124.4674876847291
120.13497536945816
107.7729064039409
88.43645320197045
97.12857142857145
101.60541871921183
77.24827586206895
86.35172413793103
75.34630541871921
129.61970443349753
124.06157635467981
83.00295566502463
75.04532019704433
54.29852216748768
57.24334975369458
68.41182266009852
69.37487684729065
73.10591133004925
70.81133004926107
62.63645320197044
55.11576354679803
62.98817733990148
76.44187192118225
70.60935960591134
81.95172413793104
78.14285714285714
76.06896551724138
64.40788177339901
67.50492610837439
73.59950738916257
63.3320197044335
71.4948275862069
62.67044334975369
68.22068965517242
61.117241379310336
70.29556650246306
66.26108374384236
88.35073891625618
85.4935960591133
75.8551724137931
104.06699507389162
130.45665024630543
137.14187192118226
156.25073891625615
165.6206896551724
181.76748768472908
169.87635467980297
164.5320197044335
136.85123152709363
97.45221674876849
88.1847290640394
99.89507389162563
124.4674876847291
120.13497536945816
107.7729064039409
88.43645320197045
97.12857142857145
101.60541871921183
77.24827586206895
86.35172413793103
75.34630541871921
129.61970443349753
124.06157635467981
83.00295566502463
75.04532019704433
54.29852216748768
57.24334975369458
68.41182266009852
69.37487684729065
73.10591133004925
70.81133004926107
62.63645320197044
55.11576354679803
62.98817733990148
76.44187192118225
70.60935960591134
81.95172413793104
78.14285714285714
76.06896551724138
64.40788177339901
67.50492610837439
73.59950738916257
63.3320197044335
71.4948275862069
62.67044334975369
68.22068965517242
61.117241379310336
70.29556650246306
66.26108374384236
88.35073891625618
85.4935960591133
75.8551724137931
104.06699507389162
130.45665024630543
137.14187192118226
156.25073891625615
165.6206896551724
181.76748768472908
169.87635467980297
164.5320197044335
136.85123152709363
97.45221674876849
88.1847290640394
99.89507389162563
124.4674876847291
120.13497536945816
107.7729064039409
88.43645320197045
97.12857142857145
101.60541871921183
77.24827586206895
86.35172413793103
75.34630541871921
129.61970443349753
124.06157635467981
83.00295566502463
75.04532019704433
54.29852216748768
57.24334975369458
68.41182266009852
69.37487684729065
73.10591133004925
70.81133004926107
62.63645320197044
55.11576354679803
62.98817733990148
76.44187192118225
70.60935960591134
81.95172413793104
78.14285714285714
76.06896551724138
64.40788177339901
67.50492610837439
73.59950738916257
63.3320197044335
71.4948275862069
62.67044334975369
68.22068965517242
61.117241379310336
70.29556650246306
66.26108374384236
88.35073891625618
85.4935960591133
75.8551724137931
104.06699507389162
130.45665024630543
137.14187192118226
156.25073891625615
165.6206896551724
181.76748768472908
169.87635467980297
164.5320197044335
136.85123152709363
97.45221674876849
88.1847290640394
99.89507389162563
124.4674876847291
120.13497536945816
107.7729064039409
88.43645320197045
97.12857142857145
101.60541871921183
77.24827586206895
86.35172413793103
75.34630541871921
129.61970443349753
124.06157635467981
83.00295566502463
75.04532019704433
54.29852216748768
57.24334975369458
68.41182266009852
69.37487684729065
73.10591133004925
70.81133004926107
62.63645320197044
55.11576354679803
62.98817733990148
76.44187192118225
70.60935960591134
81.95172413793104
78.14285714285714
76.06896551724138
64.40788177339901
67.50492610837439
73.59950738916257
63.3320197044335
71.4948275862069
62.67044334975369
68.22068965517242
61.117241379310336
70.29556650246306
66.26108374384236
88.35073891625618
85.4935960591133
75.8551724137931
104.06699507389162
130.45665024630543
137.14187192118226
156.25073891625615
165.6206896551724
181.76748768472908
169.87635467980297
164.5320197044335
136.85123152709363
97.45221674876849
88.1847290640394
99.89507389162563
124.4674876847291
120.13497536945816
107.7729064039409
88.43645320197045
97.12857142857145
101.60541871921183
77.24827586206895
86.35172413793103
75.34630541871921
129.61970443349753
124.06157635467981
83.00295566502463
75.04532019704433
54.29852216748768
57.24334975369458
68.41182266009852
69.37487684729065
73.10591133004925
70.81133004926107
62.63645320197044
55.11576354679803
62.98817733990148
76.44187192118225
70.60935960591134
81.95172413793104
78.14285714285714
76.06896551724138
64.40788177339901
67.50492610837439
73.59950738916257
63.3320197044335
71.4948275862069
62.67044334975369
68.22068965517242
61.117241379310336
70.29556650246306
66.26108374384236
88.35073891625618
85.4935960591133
75.8551724137931
104.06699507389162
130.45665024630543
137.14187192118226
156.25073891625615
165.6206896551724
181.76748768472908
169.87635467980297
164.5320197044335
136.85123152709363
97.45221674876849
88.1847290640394
99.89507389162563
124.4674876847291
120.13497536945816
107.7729064039409
88.43645320197045
97.12857142857145
101.60541871921183
77.24827586206895
86.35172413793103
75.34630541871921
129.61970443349753
124.06157635467981
83.00295566502463
75.04532019704433
54.29852216748768
57.24334975369458
68.41182266009852
69.37487684729065
73.10591133004925
70.81133004926107
62.63645320197044
55.11576354679803
62.98817733990148
76.44187192118225
70.60935960591134
81.95172413793104
78.14285714285714
76.06896551724138
64.40788177339901
67.50492610837439
73.59950738916257
63.3320197044335
71.4948275862069
62.67044334975369
68.22068965517242
61.117241379310336
70.29556650246306
66.26108374384236
88.35073891625618
85.4935960591133
75.8551724137931
104.06699507389162
130.45665024630543
137.14187192118226
156.25073891625615
165.6206896551724
181.76748768472908
169.87635467980297
164.5320197044335
136.85123152709363
97.45221674876849
88.1847290640394
99.89507389162563
124.4674876847291
120.13497536945816
107.7729064039409
88.43645320197045
97.12857142857145
101.60541871921183
77.24827586206895
86.35172413793103
75.34630541871921
129.61970443349753
124.06157635467981
83.00295566502463
75.04532019704433
54.29852216748768
57.24334975369458
68.41182266009852
69.37487684729065
73.10591133004925
70.81133004926107
62.63645320197044
55.11576354679803
62.98817733990148
76.44187192118225
70.60935960591134
81.95172413793104
78.14285714285714
76.06896551724138
64.40788177339901
67.50492610837439
73.59950738916257
63.3320197044335
71.4948275862069
62.67044334975369
68.22068965517242
61.117241379310336
70.29556650246306
66.26108374384236
88.35073891625618
85.4935960591133
75.8551724137931
104.06699507389162
130.45665024630543
137.14187192118226
156.25073891625615
165.6206896551724
181.76748768472908
169.87635467980297
164.5320197044335
136.85123152709363
97.45221674876849
88.1847290640394
99.89507389162563
124.4674876847291
120.13497536945816
107.7729064039409
88.43645320197045
97.12857142857145
101.60541871921183
77.24827586206895
86.35172413793103
75.34630541871921
129.61970443349753
124.06157635467981
83.00295566502463
75.04532019704433
54.29852216748768
57.24334975369458
68.41182266009852
69.37487684729065
73.10591133004925
70.81133004926107
62.63645320197044
55.11576354679803
62.98817733990148
76.44187192118225
70.60935960591134
81.95172413793104
78.14285714285714
76.06896551724138
64.40788177339901
67.50492610837439
73.59950738916257
63.3320197044335
71.4948275862069
62.67044334975369
68.22068965517242
61.117241379310336
70.29556650246306
66.26108374384236
88.35073891625618
85.4935960591133
75.8551724137931
104.06699507389162
130.45665024630543
137.14187192118226
156.25073891625615
165.6206896551724
181.76748768472908
169.87635467980297
164.5320197044335
136.85123152709363
97.45221674876849
88.1847290640394
99.89507389162563
124.4674876847291
120.13497536945816
107.7729064039409
88.43645320197045
97.12857142857145
101.60541871921183
77.24827586206895
86.35172413793103
75.34630541871921
129.61970443349753
124.06157635467981
83.00295566502463
75.04532019704433
54.29852216748768
57.24334975369458
68.41182266009852
69.37487684729065
73.10591133004925
70.81133004926107
62.63645320197044
55.11576354679803
62.98817733990148
76.44187192118225
70.60935960591134
81.95172413793104
78.14285714285714
76.06896551724138
64.40788177339901
67.50492610837439
73.59950738916257
63.3320197044335
71.4948275862069
62.67044334975369
68.22068965517242
61.117241379310336
70.29556650246306
66.26108374384236
88.35073891625618
85.4935960591133
75.8551724137931
104.06699507389162
130.45665024630543
137.14187192118226
156.25073891625615
165.6206896551724
181.76748768472908
169.87635467980297
164.5320197044335
136.85123152709363
97.45221674876849
88.1847290640394
99.89507389162563
124.4674876847291
120.13497536945816
107.7729064039409
88.43645320197045
97.12857142857145
101.60541871921183
77.24827586206895
86.35172413793103
75.34630541871921
129.61970443349753
124.06157635467981
83.00295566502463
75.04532019704433
54.29852216748768
57.24334975369458
68.41182266009852
69.37487684729065
73.10591133004925
70.81133004926107
62.63645320197044
55.11576354679803
62.98817733990148
76.44187192118225
70.60935960591134
81.95172413793104
78.14285714285714
76.06896551724138
64.40788177339901
67.50492610837439
73.59950738916257
63.3320197044335
71.4948275862069