24.344827586206893
31.738916256157633
18.349753694581278
-1.275862068965515
-15.576354679802957
-40.418719211822655
-34.901477832512306
-34.86206896551723
-37.29556650246305
-45.349753694581274
-4.211822660098521
-29.97536945812809
-55.399014778325125
-72.44827586206897
-65.871921182266
-17.009852216748772
-18.679802955665025
-15.73891625615764
21.389162561576345
23.004926108374384
96.80295566502464
151.3743842364532
53.45812807881773
40.389162561576356
10.896551724137932
-14.463054187192117
21.216748768472907
-7.044334975369444
-17.03448275862069
-3.4876847290640365
88.48768472906404
65.71921182266011
18.20197044334975
7.0344827586206815
9.162561576354692
-6.748768472906412
-11.753694581280788
-5.935960591133015
8.965517241379294
8.300492610837441
-1.1280788177339787
51.280788177339915
83.4384236453202
28.965517241379303
34.083743842364534
21.029556650246295
32.87684729064039
13.231527093596055
-10.064039408867002
-18.91133004926108
-12.714285714285714
-23.65517241379311
-19.083743842364534
3.310344827586204
8.492610837438422
-20.275862068965516
-15.004926108374386
-31.5615763546798
12.955665024630548
1.4236453201970514
-8.866995073891628
0.3645320197044433
-8.211822660098521
-38.6896551724138
50.029556650246306
31.408866995073886
-0.4433497536945684
-18.009852216748772
-23.251231527093598
6.689655172413787
-16.182266009852224
-29.995073891625616
-52.768472906403936
-6.768472906403937
-24.541871921182267
-2.753694581280789
19.32512315270936
-21.03448275862069
-20.783251231527093
-22.901477832512303
0.3940886699507392
-50.77339901477832
-58.94088669950738
-45.423645320197025
-38.79802955665025
-23.394088669950747
-34.694581280788164
38.53694581280787
28.389162561576352
-7.793103448275872
-21.177339901477847
-8.985221674876843
4.014778325123165
16.137931034482772
83.00985221674877
150.8226600985222
91.65517241379311
80.74384236453201
76.30541871921183
40.374384236453196
25.50738916256157
10.802955665024635
2.7142857142857144
-22.15517241379311
-16.79802955665025
-7.975369458128081
20.492610837438423
26.152709359605915
2.852216748768472
-19.5615763546798
-28.758620689655167
-29.14778325123152
-43.00985221674877
-63.349753694581274
-45.06896551724138
82.88177339901476
7.029556650246304
18.837438423645317
13.556650246305432
-6.0098522167487705
-4.394088669950739
-9.596059113300498
-20.753694581280797
-32.70935960591133
-40.19704433497537
-5.768472906403937
-26.82758620689655
-35.32512315270936
-33.24630541871921
-14.463054187192117
-19.926108374384235
-35.9014778325123
-25.177339901477833
123.08374384236451
-3.3694581280788123
-9.280788177339884
-9.655172413793107
-2.53694581280789
47.448275862068975
137.39408866995072
44.532019704433495
16.921182266009843
-1.0344827586207057
-4.699507389162558
-9.413793103448265
2.280788177339917
-3.275862068965515
-16.320197044334982
-20.344827586206893
-21.39901477832513
-39.40886699507389
-29.91133004926109
-31.921182266009858
-25.48275862068965
52.42857142857143
17.46982758620689
1.3448275862068937
22.738916256157633
8.34975369458128
-13.418719211822658
-12.7192118226601
-21.704433497536943
-30.758620689655167
-26.862068965517235
14.99014778325123
3.0788177339901575
25.35960591133005
-9.118226600985233
12.600985221674875
-21.44827586206897
-31.01477832512314
-42.86699507389163
-46.108374384236456
-21.881773399014783
-23.610837438423655
-33.423645320197046
-38.05418719211822
-14.91133004926108
15.315270935960589
-3.6108374384236464
-24.103448275862068
-44.891625615763544
-25.354679802955665
-43.9014778325123
-45.891625615763544
-76.77339901477832
-88.08374384236454
-67.13793103448275
-56.22660098522168
-32.39408866995075
-21.980295566502452
-29.034482758620697
-36.610837438423644
-24.65024630541873
-34.891625615763566
-21.270935960591128
9.014778325123164
-19.862068965517228
-38.275862068965516
18.39408866995073
-26.630541871921178
-29.541871921182274
-16.69458128078818
-13.054187192118231
-26.064039408867
38.94581280788178
14.142857142857142
-6.53017241379311
22.20197044334975
-20.83251231527094
-26.221674876847292
1.4384236453201993
22.566502463054185
-13.847290640394087
6.384236453201977
38.70935960591134
37.847290640394085
29.364532019704445
-25.068965517241377
-41.97536945812809
-18.82758620689655
-16.01970443349754
-12.443349753694568
62.13300492610837
49.46305418719212
12.83251231527093
6.817733990147774
-6.137931034482757
-3.3399014778325085
-24.91133004926108
-20.541871921182267
6.246305418719211
-13.817733990147783
54.39408866995074
18.35960591133005
-18.33004926108373
-10.177339901477833
-55.63054187192118
-65.51231527093596
-43.280788177339886
-43.083743842364534
-31.108374384236463
-27.123152709359594
-7.177339901477841
17.817733990147783
-18.2216748768473
-16.034482758620705
-6.128078817733987
-17.69950738916255
-28.00492610837437
-45.418719211822655
-41.60591133004927
-40.63054187192118
10.029556650246295
36.162561576354676
-5.339901477832517
-25.635467980295573
-24.91133004926108
-31.142857142857142
5.84482758620689
0.7733990147783223
4.310344827586205
15.206896551724137
-24.990147783251228
-25.290640394088673
-41.418719211822655
-45.47290640394088
-40.00492610837438
-57.00985221674877
-72.20689655172413
-79.92610837438424
-75.26108374384238
-46.970443349753694
44.83743842364532
92.27093596059115
143.5615763546798
73.32019704433499
16.118226600985217
26.246305418719203
35.14778325123153
-2.3399014778325085
5.660098522167492
-28.68472906403941
-31.75369458128079
-32.81773399014778
-15.034482758620689
7.502463054187193
-16.901477832512303
-22.463054187192117
-43.487684729064036
16.63054187192119
40.29064039408869
-8.36945812807882
10.034482758620682
12.591133004926121
62.53694581280787
86.38916256157636
112.20689655172411
99.9655172413793
41.58620689655173
18.87192118226602
35.5665024630542
81.00985221674877
46.67980295566502
13.226600985221678
-5.25615763546799
-7.408866995073895
2.8029556650246263
22.793103448275854
6.3743842364532055
4.0
-8.53017241379311
-1.940886699507392
-11.118226600985224
-6.793103448275864
-15.275862068965514
-21.004926108374384
-35.275862068965516
23.955665024630548
12.137931034482765
97.70443349753694
-0.9211822660098424
-13.211822660098521
-41.26108374384238
-58.827586206896555
-56.44827586206897
-11.729064039408854
3.1330049261083723
66.03448275862068
107.4039408866995
59.53201970443349
-1.5665024630541862
38.08866995073892
69.66009852216749
58.88669950738916
13.817733990147783
9.325123152709361
-11.320197044334975
-12.497536945812808
12.0985221674877
2.3940886699507393
102.36945812807882
136.48768472906403
100.71921182266013
28.773399014778324
5.891625615763538
13.448275862068979
14.394088669950731
1.5320197044334967
-1.650246305418729
-8.74876847290642
61.300492610837445
44.87192118226602
49.42364532019706
3.1527093596059137
-7.320197044334983
-19.916256157635466
11.74384236453201
18.30541871921182
83.3743842364532
46.22167487684728
37.51724137931035
33.0
51.96982758620689
80.34482758620689
76.16748768472907
36.064039408866996
4.724137931034485
-10.433497536945813
-20.41871921182266
88.66995073891626
58.99507389162562
8.5615763546798
5.935960591133015
-17.497536945812808
-32.97536945812809
-46.970443349753694
33.408866995073886
35.842364532019715
39.70443349753695
97.46305418719211
23.689655172413786
13.10344827586206
32.7192118226601
71.80295566502464
-5.339901477832508
-19.399014778325125
21.817733990147783
248.18226600985219
104.82266009852216
54.35960591133005
201.384236453202
132.82266009852216
45.6551724137931
94.48768472906404
57.43349753694583
6.344827586206894
23.605911330049253
31.162561576354694
12.108374384236445
-1.753694581280789
15.921182266009842
24.25123152709358
93.01477832512316
44.729064039408875
29.42364532019706
44.152709359605915
64.2512315270936
161.6551724137931
38.315270935960584
6.305418719211819
3.5172413793103408
-9.064039408867002
-11.91133004926108
14.428571428571429
-9.28017241379311
-1.6551724137931063
54.59605911330049
23.492610837438423
-1.418719211822658
-8.7192118226601
8.152709359605913
-17.330049261083737
-12.862068965517235
33.275862068965516
215.36453201970446
85.21674876847291
-7.261083743842375
34.88669950738916
34.408866995073886
7.842364532019717
50.5615763546798
121.46305418719211
47.4039408866995
6.246305418719203
1.1477832512315282
-29.054187192118224
-38.19704433497537
-32.54187192118227
-21.182266009852217
3.896551724137932
1.394088669950739
-23.068965517241377
-5.758620689655158
12.251231527093596
-32.3448275862069
-41.94088669950738
-28.709359605911313
8.63054187192118
26.605911330049253
1.8768472906404068
-3.320197044334983
-5.467980295566504
-22.935960591133014
-24.891625615763562
-13.842364532019701
-5.128078817733979
19.99507389162563
-9.5615763546798
-11.17733990147784
-29.344827586206893
-37.82758620689656
-26.69458128078818
-2.911330049261088
39.07881773399014
74.37438423645321
33.57142857142857
-11.40517241379311
-10.083743842364536
-17.118226600985224
-21.507389162561577
-29.41871921182266
13.137931034482758
132.72413793103448
69.38423645320198
15.709359605911336
-9.866995073891628
27.793103448275872
33.502463054187196
-13.403940886699518
86.60098522167489
128.1231527093596
116.41379310344828
64.99014778325123
1.7487684729064037
-14.024630541871927
-22.610837438423655
-37.566502463054185
-44.05418719211822
-52.6256157635468
-55.399014778325125
-50.467980295566505
-50.389162561576356
-40.891625615763544
-37.06896551724138
-31.472906403940872
-4.748768472906404
-39.487684729064036
7.916256157635473
-26.42364532019703
-28.94088669950739
-33.53694581280789
-33.123152709359594
-18.60591133004927
-35.610837438423644
-7.0788177339901575
-16.74876847290642
-29.8423645320197
-34.55665024630541
-45.14778325123151
-55.275862068965516
-51.32019704433498
-54.916256157635466
-42.54187192118228
-53.69458128078818
-49.05418719211823
-52.49261083743843
-54.339901477832505
-37.285714285714285
-11.65517241379311
-14.226600985221678
-26.689655172413797
-45.65024630541872
-48.99014778325123
-8.004926108374386
39.29556650246305
10.241379310344835
-22.14778325123152
-48.724137931034484
87.65024630541872
18.502463054187192
10.738916256157625
32.600985221674875
-30.162561576354683
-60.01477832512314
-65.58128078817734
-4.394088669950739
-15.310344827586212
-23.467980295566512
-34.423645320197046
-38.19704433497537
-53.91133004926108
-36.11330049261084
8.817733990147783
128.46798029556652
148.5369458128079
110.93103448275863
49.66995073891627
2.9655172413793105
101.79802955665025
79.05911330049261
54.29064039408869
71.77339901477832
27.03448275862068
3.3054187192118354
-1.8916256157635547
55.67487684729064
73.92118226600984
63.25123152709358
16.586206896551726
7.4433497536945925
-6.862068965517226
-18.990147783251228
-16.891625615763555
11.36945812807882
52.0295566502463
11.162561576354676
11.088669950738913
1.0788177339901412
-12.768472906403938
-12.428571428571429
-20.28017241379311
-19.512315270935964
-19.118226600985224
-17.07881773399015
76.4384236453202
148.56650246305418
77.00985221674877
77.95566502463055
24.42364532019705
27.847290640394085
18.507389162561587
-18.926108374384235
-17.546798029556662
-26.11330049261084
-38.73399014778325
-48.30049261083742
-38.581280788177345
-30.39408866995074
-22.73891625615764
-32.32512315270937
-29.2807881773399
-54.768472906403936
-20.054187192118224
15.886699507389162
17.24630541871921
-29.67487684729064
-34.320197044334975
-20.354679802955665
-28.33004926108373
-5.748768472906404
-33.916256157635466
-37.94088669950738
-26.280788177339883
39.20197044334975
9.46305418719211
-19.123152709359594
-33.89162561576355
-35.75369458128079
-26.935960591133014
59.108374384236434
0.5862068965517275
16.014778325123164
69.85221674876848
64.4384236453202
36.25123152709359
4.36945812807882
23.74384236453201
-2.4088669950738955
-10.054187192118231
-20.921182266009858
-43.48275862068965
-34.714285714285715
-39.78017241379311
-9.798029556650249
-33.83251231527094
-17.935960591133007
-25.704433497536943
-17.290640394088673
-41.70443349753695
-48.75862068965517
-45.14778325123152
-61.4384236453202
-70.49261083743842
61.78817733990148
-10.975369458128089
25.458128078817733
-1.7339901477832558
-5.4433497536945685
17.133004926108374
4.320197044334975
-0.8817733990147839
-23.32512315270937
-20.137931034482758
-34.48275862068965
-38.6256157635468
-33.827586206896555
-43.75369458128079
-50.532019704433495
-59.748768472906406
-44.783251231527096
-34.187192118226584
-18.320197044334975
-47.63054187192118
-59.36945812807881
-50.56650246305417
-42.6551724137931
-28.394088669950747
-32.26600985221673
-24.60591133004927
-31.039408866995075
-40.36453201970444
-40.034482758620705
-30.270935960591128
28.30049261083745
-15.576354679802941
-9.704433497536943
3.251231527093588
13.940886699507391
-22.113300492610847
-16.55172413793104
-21.768472906403947
-31.206896551724146
-35.339901477832505
-28.428571428571427
-40.28017241379311
-32.79802955665025
-40.97536945812808
-31.07881773399015
-43.5615763546798
-35.576354679802954
70.00985221674877
-7.044334975369452
8.28078817733991
-28.58128078817734
-53.49261083743841
-7.211822660098521
114.16748768472905
6.886699507389161
-22.733990147783256
-28.15763546798028
-54.581280788177345
-57.108374384236456
-41.738916256157644
-7.610837438423654
-31.852216748768473
-41.48275862068965
-29.768472906403936
-45.54187192118227
-29.610837438423648
-42.532019704433495
-49.03448275862069
-39.21182266009852
-42.9014778325123
-38.320197044334975
-56.916256157635466
173.20197044334978
36.43349753694583
15.344827586206893
52.32019704433497
92.30541871921183
20.679802955665018
-7.8965517241379315
-15.65024630541873
7.108374384236437
27.729064039408872
4.014778325123165
24.280788177339918
8.295566502463057
-4.891625615763554
-12.773399014778322
68.45812807881772
69.87684729064038
39.51724137931034
65.07881773399014
5.3743842364532055
-7.142857142857143
-6.15517241379311
-1.2266009852216777
6.59605911330049
-8.793103448275863
-20.990147783251228
-20.433497536945815
-44.5615763546798
-36.04433497536945
-24.14778325123152
-27.295566502463057
-57.92118226600984
-44.21182266009852
128.45320197044333
57.600985221674875
3.55172413793103
16.55665024630543
33.847290640394085
92.60591133004927
89.11822660098521
41.96059113300492
44.14778325123153
93.23152709359606
13.374384236453206
0.8866995073891611
83.38916256157634
12.182266009852217
-23.60591133004926
-24.926108374384235
-28.187192118226587
-12.891625615763546
-26.05911330049261
-41.51231527093596
53.43349753694583
20.344827586206893
36.46305418719211
37.876847290640406
-8.320197044334984
-22.467980295566502
-16.65024630541873
-27.034482758620705
-0.1280788177339868
-18.27093596059112
-13.433497536945797
-22.847290640394085
-31.748768472906413
-42.20197044334975
-44.11330049261085
-35.69458128078818
-24.91133004926109
-10.064039408867002
-16.768472906403936
-26.285714285714285
-22.28017241379311
4.4876847290640365
-24.54679802955665
-38.07881773399015
-45.99014778325123
-39.7192118226601
-54.847290640394085
-54.04433497536945
18.42364532019705
-41.86699507389163
-64.63546798029556
-62.926108374384235
-50.83251231527095
155.88669950738912
152.1231527093596
71.27093596059115
81.99014778325123
23.891625615763548
-7.024630541871927
-11.753694581280797
-18.423645320197043
-7.197044334975366
64.08866995073892
116.743842364532
28.532019704433498
31.610837438423648
0.6798029556650249
32.216748768472904
-20.615763546798014
42.96551724137931
-27.20197044334975
-42.79802955665024
-9.423645320197027
43.77339901477832
10.748768472906395
30.162561576354694
15.679802955665016
-10.325123152709361
-23.507389162561587
-28.177339901477847
-27.69950738916256
-23.985221674876836
-32.862068965517224
-43.13300492610837
-31.320197044334982
19.94088669950739
24.458128078817726
-0.6945812807881809
-19.6256157635468
-28.064039408867
-31.33990147783251
-30.428571428571427
-40.40517241379311
-34.22660098522168
-1.8325123152709384
16.92118226600985
58.29556650246305
13.852216748768472
26.58128078817734
88.8128078817734
31.42364532019705
11.275862068965514
28.507389162561587
21.073891625615765
-4.97536945812809
-36.68472906403941
-71.01970443349754
-71.30049261083742
-74.29556650246306
-65.39408866995073
-43.5960591133005
-20.039408866995082
-34.995073891625616
-58.339901477832505
-55.05418719211822
-31.11330049261084
-38.039408866995075
-52.10344827586207
-60.03448275862069
-31.64039408866995
-33.75862068965516
-44.60591133004926
-74.05911330049261
-76.94088669950737
-35.70935960591131
-29.94088669950739
-29.53694581280789
-42.123152709359594
-7.748768472906412
175.8177339901478
81.63546798029554
13.394088669950722
-1.2709359605911297
-3.1280788177339787
-12.290640394088655
13.581280788177342
-6.463054187192126
-7.4876847290640365
-8.399014778325133
-3.266009852216752
48.23152709359606
46.07881773399014
25.374384236453206
-0.7142857142857143
-23.90517241379311
-28.369458128078822
-24.261083743842367
-7.935960591133006
38.00985221674877
2.1379310344827576
10.724137931034486
-16.330049261083737
-13.862068965517235
21.275862068965516
21.793103448275872
-10.64039408866995
-8.975369458128089
-21.11330049261084
-21.733990147783256
-0.30049261083742557
46.13300492610837
27.60591133004926
3.261083743842359
-6.610837438423654
-22.566502463054185
42.3743842364532
-13.768472906403938
-36.54187192118227
-29.32512315270936
-30.960591133004925
-37.748768472906406
-36.21182266009852
-33.615763546798014
47.679802955665025
330.51231527093597
141.9162561576355
105.71921182266013
58.63054187192118
33.46305418719211
21.019704433497548
3.679802955665017
4.532019704433496
137.92118226600982
125.2512315270936
75.44334975369459
51.87192118226602
23.137931034482772
5.724137931034485
2.8226600985221597
-6.773399014778322
-9.684729064039418
-2.9802955665024666
2.6600985221674835
41.65024630541871
16.66009852216749
26.0
20.21982758620689
8.487684729064037
-3.40394088669951
6.778325123152707
103.72413793103449
60.137931034482754
53.152709359605915
24.09852216748769
11.995073891625623
-2.4384236453201993
37.36453201970444
60.502463054187196
36.45320197044334
69.45812807881774
92.83743842364531
101.98522167487685
54.13300492610837
-0.8226600985221678
-4.596059113300498
-7.753694581280797
-16.137931034482758
-33.48275862068965
0.6600985221674917
11.315270935960589
42.389162561576356
18.467980295566502
87.39408866995073
34.502463054187196
34.384236453201986
2.679802955665025
-28.20197044334975
-37.655172413793096
-7.8522167487684555
-4.5123152709359635
-4.108374384236462
-8.123152709359593
-11.17733990147784
-12.182266009852217
-13.65024630541873
-18.891625615763562
-17.69950738916256
-0.41379310344826437
45.5665024630542
69.86699507389163
28.679802955665018
3.798029556650249
44.74384236453201
20.44827586206896
16.802955665024626
5.935960591132998
-8.482758620689651
-13.857142857142858
66.34482758620689
51.3448275862069
25.45320197044335
16.92118226600985
-2.990147783251229
-0.004926108374385356
-19.41871921182266
-19.758620689655167
22.137931034482765
97.99014778325123
32.2216748768473
-15.64039408866995
57.16748768472905
26.029556650246302
-21.44827586206897
3.270935960591146
-14.724137931034486
-8.536945812807883
0.9753694581280732
21.246305418719203
102.7192118226601
122.80295566502464
88.23152709359606
183.31527093596057
70.10344827586206
48.18226600985222
133.67980295566502
96.64532019704434
183.66995073891627
45.53694581280788
42.36945812807882
35.77339901477833
21.004926108374402
8.487684729064037
9.034482758620682
5.591133004926121
49.10837438423645
25.103448275862068
15.635467980295557
-0.034482758620705614
-0.4137931034482725
-1.1280788177339787
-7.862068965517226
-11.99014778325123
-8.320197044334984
-11.487684729064037
6.74384236453201
-11.551724137931037
1.6600985221674835
50.65024630541871
74.66009852216749
10.428571428571429
55.46982758620689
9.487684729064037
43.310344827586206
80.06403940886699
35.724137931034484
4.709359605911329
1.0098522167487707
-9.47290640394088
-12.433497536945806
-33.724137931034484
-46.92118226600984
-4.211822660098521
6.453201970443339
-42.399014778325125
-60.8768472906404
-6.871921182265997
-34.29556650246305
-42.39408866995074
-17.16748768472907
-12.89655172413794
-20.852216748768473
-30.768472906403936
-35.768472906403936
-32.399014778325125
-18.610837438423648
-26.389162561576352
33.39408866995074
66.93103448275862
80.52709359605913
32.108374384236456
18.512315270935964
90.34482758620689
50.29064039408869
22.20197044334975
9.605911330049253
0.3054187192118353
-9.17733990147784
-9.467980295566504
-17.65024630541873
-21.891625615763562
-21.556650246305416
-12.128078817733979
-18.862068965517228
-19.41871921182266
-24.891625615763555
-35.3448275862069
-37.9704433497537
-38.266009852216754
-32.76847290640394
-28.34975369458129
-9.625615763546794
43.142857142857146
-13.65517241379311
-9.655172413793107
-13.118226600985224
-13.507389162561578
-18.847290640394085
-30.433497536945815
-48.275862068965516
-43.1871921182266
-31.290640394088662
17.990147783251228
-16.7783251231527
-15.497536945812808
67.45320197044335
12.172413793103447
2.694581280788173
-0.871921182265997
-21.295566502463057
-18.96551724137931
-21.73891625615764
-6.325123152709368
-1.1379310344827576
-4.768472906403937
-28.054187192118224
28.600985221674875
63.532019704433495
-2.9605911330049253
-26.177339901477833
-22.64039408866995
-19.758620689655157
-7.891625615763546
2.2266009852216775
-19.940886699507384
-20.709359605911313
7.4876847290640365
-1.6798029556650331
-9.408866995073879
-25.891625615763555
-29.32512315270936
-18.935960591133014
-16.891625615763562
-18.8423645320197
-5.842364532019693
-19.862068965517228
-33.70443349753695
-22.60591133004927
3.2266009852216775
-11.970443349753705
-20.55172413793104
-16.91133004926109
-7.49261083743843
-26.768472906403936
-16.857142857142858
10.46982758620689
3.4876847290640365
-13.689655172413795
-6.0788177339901495
14.581280788177342
25.423645320197043
18.866995073891626
-8.615763546798023
-13.576354679802948
-20.58128078817734
23.078817733990157
52.216748768472904
9.881773399014767
-9.256157635467982
142.98029556650246
133.98522167487687
98.13300492610837
17.03448275862069
0.5467980295566447
-13.039408866995084
-24.852216748768473
-34.48275862068965
-27.197044334975367
23.31527093596059
7.817733990147782
-18.67487684729064
-22.60591133004926
-16.926108374384235
-18.472906403940872
-10.177339901477833
-50.20197044334975
-55.51231527093596
-44.70935960591131
-38.22660098522168
-31.679802955665032
-22.266009852216737
-25.034482758620697
-28.32512315270936
-19.793103448275872
-14.891625615763562
-19.985221674876843
-22.12807881773398
-25.862068965517228
-37.275862068965516
-37.0344827586207
6.940886699507392
-17.970443349753705
-28.26600985221675
-23.6256157635468
-32.49261083743843
-34.05418719211822
-32.0
-20.15517241379311
-15.083743842364536
-19.118226600985224
-18.221674876847292
-21.133004926108374
-27.7192118226601
-27.847290640394085
-1.3300492610837378
15.709359605911336
-9.152709359605913
-41.20689655172413
-51.783251231527096
-17.11822660098523
-53.68472906403941
-75.8768472906404
-63.44334975369457
-59.29556650246305
-45.53694581280788
-28.881773399014783
-17.039408866995082
156.7192118226601
45.3743842364532
27.802955665024633
18.31527093596059
-12.610837438423646
-27.67487684729064
-35.748768472906406
-11.354679802955664
-0.901477832512301
-8.463054187192117
20.512315270935964
-20.798029556650242
-6.995073891625599
33.916256157635466
52.46305418719211
70.59113300492612
2.679802955665017
-2.3251231527093603
-12.507389162561585
-9.320197044334991
-9.556650246305415
-11.69950738916255
-10.004926108374368
7.0098522167487705
-6.177339901477841
-22.20197044334975
-27.541871921182274
-26.69458128078818
-25.91133004926109
-30.34975369458129
-30.054187192118224
-13.571428571428571
-1.0301724137931103
-16.512315270935964
-19.261083743842367
3.9211822660098505
26.009852216748772
4.995073891625615
-20.704433497536943
-25.044334975369452
-19.719211822660093
20.704433497536943
-18.492610837438413
-17.926108374384235
-43.97536945812809
-34.970443349753694
-40.73399014778325
-32.871921182266
-43.00985221674877
-42.251231527093594
-23.881773399014783
8.246305418719203
-9.70935960591133
-10.625615763546794
73.51724137931036
-19.82758620689655
-22.610837438423648
-17.532019704433498
-23.748768472906402
-23.64039408866995
-29.044334975369445
-29.03448275862069
-57.059113300492605
-64.22660098522167
-45.13793103448274
-49.940886699507395
-37.82266009852218
-39.123152709359594
-44.32019704433498
-42.32512315270936
-44.36453201970444
-30.463054187192135
-30.556650246305416
-27.842364532019694
-27.57635467980294
-16.990147783251228
-34.60591133004927
-46.77339901477832
-36.54187192118228
39.733990147783246
3.8029556650246263
4.793103448275856
-10.91133004926108
-17.428571428571427
-21.65517241379311
-36.512315270935964
-2.689655172413796
-0.36453201970443516
-21.133004926108374
1.8522167487684718
-3.8472906403940863
36.38423645320198
27.137931034482765
3.7044334975369435
-18.492610837438413
-33.783251231527096
-54.6896551724138
-65.68472906403942
-74.01970443349754
-53.01477832512314
-47.581280788177345
-34.39408866995074
-6.453201970443355
-16.89655172413794
2.8620689655172424
-33.05418719211822
-39.339901477832505
-36.399014778325125
-28.039408866995075
-34.81773399014778
-28.463054187192117
-17.926108374384235
-27.044334975369445
-7.748768472906404
-45.77339901477832
-37.79802955665024
-37.280788177339886
-27.369458128078822
-16.53694581280789
-28.40886699507388
-36.32019704433498
-40.039408866995075
-43.650246305418726
-43.605911330049274
-12.556650246305415
7.014778325123165
1.2807881773399166
-3.990147783251229
-1.1773399014778403
59.22660098522168
22.886699507389153
77.16256157635469
23.802955665024626
8.793103448275856
25.802955665024633
9.142857142857142
-4.15517241379311
-7.083743842364535
-14.546798029556653
-9.935960591133007
-18.704433497536943
-18.862068965517242
16.295566502463057
-6.187192118226595
37.13793103448277
85.27586206896551
48.07881773399016
-5.354679802955665
-13.832512315270947
-27.82758620689655
-52.8768472906404
-54.44334975369457
-54.724137931034484
-34.251231527093594
-21.881773399014783
14.10344827586206
9.576354679802957
-11.054187192118222
-24.48275862068965
-25.541871921182267
-20.896551724137932
-22.817733990147783
-28.463054187192117
-7.068965517241379
-22.044334975369445
-26.177339901477833
-34.487684729064036
-51.36945812807881
-28.995073891625598
-37.512315270935964
-30.679802955665032
-33.83743842364531
-20.17733990147784
-23.32512315270936
-8.65024630541873
35.394088669950726
-7.842364532019701
-9.270935960591121
-23.00492610837437
-23.41871921182266
26.82266009852216
3.3694581280788207
8.458128078817724
9.162561576354676
29.51724137931034
24.935960591133
116.3743842364532
104.28571428571426
108.59482758620689
63.3448275862069
57.881773399014776
15.92118226600985
-3.990147783251229
10.70935960591133
6.5812807881773425
-6.758620689655166
-9.290640394088664
-34.00985221674877
-21.492610837438413
130.2167487684729
24.88177339901477
6.886699507389161
44.408866995073886
10.842364532019717
-38.29556650246305
-43.39408866995074
-32.5960591133005
-31.039408866995082
-32.566502463054185
-43.768472906403936
-52.339901477832505
-43.68472906403941
-17.467980295566502
-23.532019704433498
49.251231527093594
16.35960591133005
-14.615763546798016
41.679802955665025
42.6551724137931
-6.798029556650241
-12.423645320197027
-11.940886699507391
-9.251231527093605
-10.98029556650245
-16.320197044334982
-19.467980295566502
-23.65024630541873
-23.320197044334993
-18.413793103448274
-19.985221674876836
-31.147783251231512
-27.133004926108374
-11.463054187192126
-31.487684729064036
-34.39901477832513
-31.837438423645324
-20.48275862068966
-11.349753694581286
-13.339901477832509
-18.428571428571427
0.4698275862068897
4.916256157635465
-11.975369458128082
-1.7931034482758637
-6.9901477832512295
-4.1477832512315285
25.009852216748772
0.955665024630548
11.709359605911336
-14.581280788177342
12.65024630541873
-7.068965517241379
-25.689655172413804
-39.399014778325125
-51.30541871921183
-57.30049261083742
-65.29556650246306
-54.679802955665025
41.68965517241379
94.38916256157634
30.290640394088673
135.80295566502463
72.51724137931035
22.88669950738916
1.9605911330049253
4.039408866995075
-21.748768472906402
-23.64039408866995
-26.044334975369445
-28.60591133004926
-46.20197044334975
-53.79802955665024
-38.9950738916256
44.059113300492605
-1.1083743842364615
-14.266009852216737
-27.034482758620697
-34.32512315270936
-39.93596059113302
-38.605911330049274
-22.985221674876843
-12.413793103448265
-30.00492610837437
-43.275862068965516
-41.60591133004927
-18.487684729064036
-26.113300492610847
-34.837438423645324
-24.05418719211823
-27.064039408867
-23.768472906403936
-13.857142857142858
10.09482758620689