31.343842364532016
44.06502463054187
18.66847290640394
-22.63842364532019
-35.946798029556646
-66.13645320197044
-61.13645320197044
-54.09802955665026
-74.70985221674877
-87.44236453201972
-23.71330049261084
-66.52216748768474
-104.22068965517242
-132.32463054187193
-119.7192118226601
-39.67487684729066
-45.25123152709362
-33.25221674876848
22.62955665024631
26.704926108374384
174.24679802955666
299.43645320197044
67.2270935960591
48.134975369458125
-3.9000000000000017
-39.805418719211836
17.808866995073895
-27.73743842364532
-33.16059113300493
-25.305418719211822
130.79556650246303
90.28275862068965
11.897536945812815
-1.012807881773399
0.7852216748768482
-21.4832512315271
-27.07487684729065
-20.648768472906397
1.87438423645321
3.8064039408867054
-4.944334975369455
73.44039408866995
124.84384236453204
31.46206896551724
36.76256157635468
20.999999999999993
38.645320197044335
10.86354679802956
-21.33349753694581
-39.98522167487685
-27.746305418719214
-34.3948275862069
-24.55615763546798
3.307881773399017
8.682758620689661
-38.40985221674877
-31.703940886699506
-57.13645320197044
6.249261083743842
-4.712315270935967
-25.809852216748766
-20.81379310344829
-29.927586206896557
-79.25073891625615
80.66502463054188
36.80394088669949
-23.304926108374385
-50.81773399014781
-52.05123152709363
-0.5379310344827734
-32.813300492610836
-55.55221674876848
-88.8960591133005
-26.992118226601008
-50.687192118226605
-15.865024630541873
8.799999999999999
-47.03399014778326
-37.63399014778325
-43.98029556650247
-11.374876847290642
-97.3625615763547
-95.8615763546798
-59.94581280788178
-50.1167487684729
-28.098522167487683
-37.271921182266006
74.84532019704433
27.56798029556649
-23.29162561576354
-33.95418719211822
-17.53645320197044
1.041379310344831
19.040394088669945
127.12955665024631
271.3906403940886
136.7625615763547
125.71428571428571
116.78817733990148
51.163546798029564
28.066502463054185
5.214778325123151
-1.8891625615763559
-37.994827586206895
-28.413300492610837
-17.563546798029556
25.89704433497538
31.533004926108372
-1.261083743842363
-36.936453201970444
-47.06502463054187
-47.512315270935964
-74.80985221674878
-106.18522167487686
-80.25615763546797
143.03497536945812
-10.477832512315278
11.375369458128072
2.266502463054187
-32.8177339901478
-23.851231527093613
-24.62364532019706
-37.641871921182265
-58.12364532019705
-76.21034482758623
-27.363546798029574
-53.80147783251232
-54.23645320197044
-60.17142857142857
-39.41970443349754
-36.319704433497535
-56.651724137931026
-37.98916256157635
204.80886699507386
-30.833004926108384
-28.445812807881772
-25.77389162561576
-11.027093596059112
61.613793103448266
238.15960591133006
50.83940886699507
10.208374384236455
-12.211330049261077
-13.193596059113295
-14.65862068965517
-3.688177339901482
-15.256157635467977
-29.352216748768463
-39.066009852216744
-42.48571428571429
-54.66896551724138
-41.593596059113295
-44.96206896551724
-45.32807881773399
77.18226600985223
18.467672413793107
-1.6704433497536957
30.350738916256166
10.825615763546796
-23.681280788177336
-20.718226600985222
-39.379310344827594
-51.293596059113305
-45.88374384236454
10.91871921182266
-16.38522167487686
25.28669950738916
-34.8935960591133
2.2364532019704364
-59.053201970443354
-70.94778325123153
-87.90344827586208
-83.92266009852219
-41.209359605911345
-41.413300492610844
-59.066502463054185
-72.72463054187195
-41.192118226601
9.69852216748768
-17.86502463054188
-51.17142857142858
-70.9768472906404
-39.84827586206895
-61.837438423645324
-54.26059113300493
-113.66256157635466
-112.8472906403941
-72.14581280788177
-60.83103448275862
-33.55566502463055
-29.386206896551723
-40.39753694581281
-45.88916256157636
-34.805911330049256
-43.15418719211822
-25.093596059113292
7.584236453201974
-28.18817733990148
-49.541871921182256
16.976354679802956
-44.72315270935961
-42.92857142857144
-30.568965517241384
-22.379310344827584
-35.1192118226601
60.786206896551725
15.696551724137928
-15.4448275862069
28.472413793103453
-34.306403940886696
-34.74581280788177
-6.152709359605909
27.853201970443354
-29.536453201970442
0.2064039408866957
51.644827586206894
45.3615763546798
24.400492610837425
-54.89901477832512
-83.83645320197044
-49.96354679802956
-49.91034482758621
-42.44778325123152
96.1822660098522
66.14876847290638
8.490640394088654
-0.37044334975369353
-25.13793103448276
-23.824630541871944
-55.14926108374386
-46.10147783251232
-3.965024630541874
-38.81428571428571
73.9374384236453
12.85172413793104
-41.25172413793103
-24.37487684729064
-100.76256157635468
-99.19014778325125
-58.58866995073892
-53.03103448275862
-32.78423645320197
-32.72906403940887
-16.511822660098524
12.467980295566504
-34.09162561576354
-29.182758620689643
-14.593596059113295
-21.80147783251231
-34.28817733990148
-53.89901477832512
-47.95221674876848
-55.18029556650247
20.85714285714285
52.20246305418719
-14.179310344827584
-37.14778325123153
-44.899507389162565
-40.73201970443349
-6.369827586206901
-17.141871921182265
-33.44926108374384
-33.845812807881764
-47.10985221674876
-40.8039408866995
-65.02216748768474
-65.12216748768473
-55.19802955665025
-84.36699507389163
-112.04236453201973
-118.89901477832514
-126.42216748768472
-94.03497536945814
84.73251231527092
170.83793103448275
298.89655172413796
120.72019704433494
13.419211822660083
28.929556650246305
37.60492610837438
-24.18177339901479
-10.220689655172432
-56.43004926108375
-51.222167487684736
-59.300000000000004
-38.47684729064041
-2.5911330049261037
-39.423152709359606
-38.1320197044335
-91.23399014778326
6.038423645320189
51.48275862068965
-25.045320197044326
3.4871921182266012
5.270935960591133
116.21674876847291
127.05369458128078
184.6083743842365
158.47438423645323
52.720689655172414
20.569950738916255
53.96896551724137
119.27241379310347
58.104926108374386
5.091133004926105
-17.100000000000005
-19.468965517241383
-3.8078817733990116
23.995073891625616
-0.8995073891625621
0.5822660098522141
-28.7823275862069
-23.756157635467982
-35.14926108374384
-27.845812807881767
-41.26699507389162
-41.81822660098521
-63.8935960591133
24.334975369458125
10.830541871921174
172.36157635467978
-22.385221674876863
-37.570443349753695
-82.66502463054188
-108.72068965517244
-111.11034482758622
-38.504926108374384
-17.532019704433512
107.00591133004923
185.976354679803
82.10098522167486
-18.466502463054187
49.27536945812806
111.29359605911327
80.65566502463055
7.377832512315267
-6.214285714285714
-35.119704433497546
-29.105418719211816
-0.7231527093596058
-7.932019704433499
184.38029556650244
244.93842364532017
153.85418719211822
27.31182266009853
-2.3556650246305417
7.7280788177339925
6.516748768472902
-11.874876847290645
-15.763054187192116
-21.682758620689643
86.76354679802957
59.95566502463055
64.15467980295566
-6.784729064039404
-19.90935960591133
-38.73743842364532
7.571428571428564
16.788177339901473
122.30640394088668
59.70935960591133
42.87192118226601
10.825123152709361
51.530172413793096
124.47241379310344
116.77931034482758
51.45418719211823
-6.209852216748765
-29.132512315270933
-49.836453201970436
156.53497536945812
85.5733990147783
-0.5669950738916266
-12.242364532019717
-43.85615763546798
-70.77931034482759
-92.392118226601
39.94679802955664
40.837931034482764
70.1822660098522
177.00591133004923
24.8334975369458
9.500985221674878
59.56206896551724
113.10394088669952
-27.063546798029574
-44.84433497536946
23.834975369458125
547.0142857142857
168.39458128078817
67.6088669950739
397.5054187192118
227.79655172413794
35.666009852216746
152.36699507389162
76.06847290640394
-5.645320197044327
21.75862068965517
31.242364532019707
3.131034482758619
-15.160591133004928
8.708374384236455
28.602955665024638
143.22068965517244
59.02709359605911
38.71182266009851
57.05812807881774
87.50492610837439
312.90541871921187
47.14285714285713
-3.2261083743842414
-4.836453201970442
-30.404926108374386
-37.156650246305425
-2.9034482758620714
-27.032327586206897
-7.5704433497536945
80.77931034482758
32.76847290640394
-8.895566502463053
-26.832512315270936
-0.1793103448275884
-33.33645320197045
-24.212315270935967
58.11871921182266
463.11477832512304
148.57241379310344
-32.25073891625616
43.37931034482757
36.661083743842354
-9.733497536945814
84.32512315270934
232.00591133004923
66.26206896551723
3.943842364532021
-9.766502463054191
-57.3817733990148
-66.76354679802958
-55.85862068965518
-34.936453201970444
-8.5
-11.005418719211836
-35.33399014778325
-20.566009852216744
11.89655172413793
-74.3768472906404
-77.23300492610838
-44.86009852216749
5.440394088669957
31.95862068965517
-1.957635467980294
-11.29753694581281
-14.06059113300493
-34.2487684729064
-33.21133004926107
-17.265024630541866
-5.3443349753694545
26.383251231527083
-18.170443349753686
-18.75221674876847
-43.23743842364532
-47.71428571428572
-34.8832512315271
-5.536453201970439
54.5807881773399
115.75763546798031
48.51083743842365
-31.2948275862069
-19.384729064039412
-19.734975369458123
-28.84581280788177
-45.59556650246305
11.896059113300492
240.792118226601
105.792118226601
21.001970443349744
-22.781280788177337
46.643349753694565
45.14384236453202
-36.250738916256154
164.95073891625614
263.8039408866995
228.26650246305417
104.61083743842362
-9.708374384236473
-25.352216748768488
-34.8704433497537
-58.60935960591134
-75.41034482758621
-82.13497536945815
-79.10147783251232
-63.82216748768474
-71.61428571428571
-64.23399014778327
-48.96256157635467
-50.0231527093596
-11.860591133004927
-82.5911330049261
-7.847290640394097
-42.574384236453206
-41.24532019704433
-34.12709359605911
-36.22906403940887
-28.426108374384235
-44.77487684729065
-15.20591133004926
-24.697044334975363
-33.66502463054186
-32.672906403940885
-44.81674876847291
-59.813300492610836
-53.80935960591132
-63.86600985221674
-51.228571428571435
-57.9832512315271
-47.693596059113304
-51.904926108374376
-57.05665024630542
-37.974876847290645
-3.4323275862068954
-14.241871921182266
-28.64926108374384
-43.57438423645319
-54.18128078817733
-19.632512315270933
63.09211822660099
11.077832512315272
-28.969458128078823
-69.06699507389162
164.40049261083746
15.429556650246301
1.0349753694581278
41.52216748768473
-67.35320197044335
-106.83349753694581
-112.41773399014778
-17.70837438423647
-26.623645320197063
-35.78472906403941
-53.18078817733989
-67.03891625615765
-83.42068965517242
-59.41576354679803
6.0064039408866945
247.52857142857144
281.3945812807882
178.32315270935962
60.076847290640394
-3.246305418719213
157.66600985221675
129.36699507389162
82.33990147783253
110.18325123152712
31.801477832512315
-1.7004926108374363
-9.583251231527097
72.48226600985221
111.39408866995073
88.61724137931034
20.74926108374385
10.112807881773401
-10.702463054187197
-29.241871921182256
-25.180788177339902
20.333990147783254
74.0
11.24532019704433
12.792118226600987
-5.762068965517239
-33.799507389162564
-26.717733990147785
-37.6323275862069
-31.041871921182267
-32.83497536945813
-27.231527093596053
125.49014778325123
270.88177339901483
113.22068965517242
120.64926108374387
36.35911330049261
34.761576354679804
11.829064039408854
-41.070443349753695
-42.75073891625617
-56.54926108374385
-80.06748768472906
-91.07635467980296
-76.64630541871922
-57.29408866995076
-36.73793103448278
-45.47044334975369
-49.666502463054194
-86.75320197044336
-41.46354679802956
11.884236453201964
18.29211822660098
-51.871428571428574
-57.305418719211836
-32.505418719211825
-46.923152709359606
-10.774876847290638
-76.14827586206897
-72.31871921182267
-42.3743842364532
55.854679802955665
9.101477832512318
-25.386206896551723
-42.911822660098515
-44.87487684729064
-38.16305418719212
82.90295566502462
-0.7507389162561507
25.284236453201974
101.44039408866995
97.55812807881775
47.53349753694581
-2.637438423645321
30.199999999999996
-7.468965517241382
-14.150738916256154
-26.90492610837438
-54.57093596059112
-41.98916256157636
-49.532327586206904
-20.256157635467982
-42.27783251231527
-25.417241379310344
-39.09556650246305
-29.661083743842365
-61.60788177339901
-64.85073891625616
-55.95517241379311
-84.86699507389163
-108.07093596059114
99.00098522167488
-32.95073891625616
30.37931034482758
-24.338916256157642
-26.233497536945812
8.61083743842363
-5.708374384236472
-6.909359605911346
-35.58472906403941
-38.55221674876848
-63.738916256157644
-66.80640394088672
-55.95862068965518
-58.30788177339902
-71.75714285714285
-80.3625615763547
-54.10541871921181
-52.737438423645315
-28.574876847290643
-90.84827586206896
-94.49014778325125
-63.00295566502463
-52.58817733990147
-30.798522167487686
-35.40049261083743
-34.697536945812814
-40.57487684729064
-49.705911330049254
-46.81133004926107
-32.836453201970436
39.68423645320197
-19.959605911330055
-17.499014778325115
1.1192118226601002
11.576847290640389
-31.600000000000005
-25.097536945812813
-26.265024630541866
-37.2192118226601
-43.81379310344828
-30.903448275862072
-48.0448275862069
-37.87044334975369
-46.0064039408867
-34.61724137931035
-50.60985221674876
-40.461083743842366
109.37783251231527
-13.907881773399016
3.2448275862068905
-51.50985221674877
-87.88522167487687
-16.941871921182273
220.60640394088668
-4.04926108374385
-52.33891625615764
-57.10492610837438
-92.67487684729066
-85.4226600985222
-53.437931034482766
-9.170443349753697
-46.95221674876848
-66.41034482758621
-49.97783251231529
-65.00147783251232
-39.23645320197045
-60.914285714285725
-68.44827586206898
-46.933990147783256
-56.58029556650246
-44.646305418719216
-94.76256157635468
350.08128078817737
46.13990147783251
18.083251231527104
80.57290640394089
141.75665024630538
26.145320197044327
-11.874876847290645
-21.148768472906397
10.960098522167495
42.27783251231528
11.755665024630543
38.69753694581281
11.472413793103453
-5.180788177339901
-19.080295566502464
114.72857142857141
105.9310344827586
58.734975369458134
98.92364532019705
8.77192118226601
-2.4034482758620683
-2.8073275862069007
7.043842364532019
17.707881773399016
-0.3743842364531998
-22.09556650246305
-25.303940886699504
-60.47931034482759
-51.76502463054187
-33.940886699507395
-40.224137931034484
-87.61379310344829
-62.156157635467984
274.0349753694581
123.23645320197045
18.946798029556643
44.12364532019705
76.46798029556648
190.8630541871921
180.54778325123152
88.10098522167489
89.81921182266011
183.3896551724138
31.150738916256135
9.35566502463054
164.7064039408867
22.400000000000002
-37.01970443349755
-32.391133004926104
-41.98029556650247
-12.06059113300493
-54.97684729064041
-70.41871921182266
100.21133004926108
38.58325123152709
65.43004926108374
66.95665024630541
-10.526108374384238
-28.632019704433503
-21.077339901477824
-31.139901477832513
9.149261083743847
-14.315763546798028
-9.445320197044339
-27.79901477832512
-35.8807881773399
-51.53743842364532
-48.95714285714286
-40.14039408866996
-24.40788177339901
-5.447783251231523
-18.013793103448275
-24.389162561576352
-25.269827586206898
16.400985221674876
-28.39211822660098
-37.460098522167485
-50.15270935960591
-43.48965517241379
-67.33645320197044
-64.95073891625616
27.487684729064032
-63.95270935960592
-97.44236453201971
-92.28472906403941
-77.07931034482759
358.80788177339906
328.6610837438424
149.12364532019703
168.61083743842363
57.72019704433496
-0.10935960591134476
-9.113300492610836
-25.523645320197044
-4.553201970443366
129.4364532019704
232.51280788177343
58.99211822660099
58.728571428571435
4.194581280788166
63.36600985221677
-32.55172413793104
83.52512315270937
-57.019704433497544
-70.77586206896551
-13.84581280788177
82.26896551724137
20.41576354679803
54.01379310344828
29.28817733990147
-13.8320197044335
-30.22019704433497
-32.339901477832505
-27.607881773399008
-20.415763546798026
-32.77389162561577
-48.28472906403941
-35.29507389162561
46.11970443349753
52.699999999999996
8.145320197044333
-19.1935960591133
-29.762068965517244
-35.72807881773399
-28.774876847290642
-41.5698275862069
-30.941871921182262
15.836453201970446
47.53990147783252
117.13300492610837
35.724630541871925
59.93497536945813
176.93497536945816
68.85911330049261
32.518719211822656
59.97192118226599
52.286699507389166
3.1778325123152706
-54.09211822660099
-116.05320197044337
-114.14778325123153
-116.58916256157636
-94.89408866995073
-55.395073891625636
-21.441871921182262
-50.43793103448276
-85.89605911330052
-80.12068965517243
-44.15862068965517
-48.5793103448276
-69.28571428571429
-76.5768472906404
-33.61970443349753
-47.95172413793103
-49.28916256157635
-107.71970443349754
-102.41871921182266
-46.91724137931035
-37.77389162561576
-27.612807881773396
-36.800492610837445
9.588177339901476
380.6251231527093
153.32266009852216
29.431527093596067
6.363546798029563
4.9128078817734036
-9.0024630541872
30.61527093596059
-3.8950738916256133
-7.508866995073894
-4.928571428571432
4.159605911330045
95.30640394088668
90.92364532019702
52.40049261083744
8.553694581280787
-31.8323275862069
-31.35615763546798
-30.520689655172415
-4.788669950738913
79.49014778325126
15.881773399014778
29.67783251231527
-16.293596059113302
-10.412315270935968
51.64729064039409
47.40049261083742
-7.713300492610841
-4.3935960591133005
-26.04926108374385
-28.481773399014788
11.980788177339901
99.46798029556648
64.8630541871921
17.40492610837437
-0.5133004926108384
-32.55221674876848
86.37536945812806
-17.37783251231529
-54.30147783251232
-38.8935960591133
-47.98571428571429
-56.362561576354686
-44.3911330049261
-47.83743842364532
91.86798029556651
917.3802955665024
276.0812807881773
199.71133004926108
109.24039408866997
59.13004926108375
36.542364532019704
8.388177339901478
9.61083743842364
266.60837438423647
220.7600985221675
118.50640394088671
71.58423645320197
17.168965517241375
-11.241871921182263
-13.466502463054184
-28.666009852216753
-27.57142857142858
-19.926108374384246
-9.722167487684725
53.52364532019704
7.929064039408867
28.725123152709358
12.030172413793101
-11.113300492610838
-24.334975369458128
-11.14581280788177
191.09014778325124
108.02463054187194
96.22068965517242
38.22068965517241
15.316256157635461
-11.809852216748768
64.95763546798028
118.00098522167488
70.892118226601
142.09359605911328
189.94679802955665
217.26650246305417
107.61083743842362
-4.56551724137933
-14.1665024630542
-21.213300492610838
-40.35221674876847
-70.86748768472907
-6.420689655172434
10.555665024630537
71.66354679802954
18.400000000000002
158.1088669950739
49.89458128078818
46.60541871921183
-9.289162561576356
-77.61970443349755
-83.49014778325125
-29.40295566502463
-22.8167487684729
-20.755665024630538
-27.414778325123148
-32.46896551724138
-34.91773399014779
-36.70591133004926
-40.29704433497536
-35.207881773399
-6.601477832512315
73.01182266009852
123.27241379310347
40.54778325123152
-6.99458128078818
75.85714285714286
27.659605911330043
19.477832512315274
-0.16206896551723865
-24.48522167487685
-32.974876847290645
119.6426724137931
91.32955665024632
43.96502463054187
16.211330049261086
-26.709852216748764
-21.261083743842367
-52.093596059113295
-51.46502463054187
23.187684729064035
189.50443349753692
54.11477832512313
-33.413300492610844
114.46354679802955
51.80788177339902
-44.053201970443354
5.266502463054187
-31.817733990147797
-19.722660098522187
-3.7522167487684874
32.758128078817734
200.1049261083744
238.81822660098524
167.29359605911327
378.3699507389163
126.56354679802955
76.44285714285714
263.25172413793103
193.46600985221676
374.3625615763546
71.93940886699508
56.09458128078818
52.938423645320185
21.668472906403938
-1.2453201970443248
-0.6985221674876841
-7.5290640394088655
74.44532019704434
27.739408866995063
12.108374384236456
-11.954187192118217
-10.407881773399009
-10.43004926108374
-22.873891625615766
-30.841871921182257
-25.009359605911325
-31.094581280788184
3.6428571428571357
-28.411822660098522
-7.036453201970438
76.12364532019704
133.47192118226602
0.4394088669950743
92.3926724137931
-1.8275862068965512
69.15073891625616
151.45418719211824
64.07586206896552
9.367487684729065
2.449261083743841
-23.82216748768473
-31.45517241379311
-68.46699507389162
-94.49950738916256
-5.427586206896551
14.177832512315272
-74.72068965517242
-110.22463054187195
-11.504926108374386
-62.032019704433516
-74.06551724137934
-28.580788177339915
-22.384729064039412
-41.36650246305419
-59.35320197044337
-67.10640394088672
-60.70147783251232
-35.365024630541875
-54.55714285714286
57.28029556650245
120.75172413793105
139.0768472906404
51.31083743842364
12.38029556650246
169.6527093596059
82.13990147783251
31.29753694581282
6.972906403940885
-10.486206896551723
-25.254679802955668
-25.903448275862075
-37.505911330049265
-40.41133004926108
-36.23645320197044
-21.715763546798026
-33.78817733990149
-37.24187192118226
-43.809359605911325
-58.65172413793103
-56.54285714285715
-55.66896551724138
-45.007881773399006
-43.20492610837438
-17.37093596059113
78.99655172413793
-23.9198275862069
-14.370443349753694
-18.192118226600986
-19.631527093596056
-35.8527093596059
-48.64679802955665
-74.92216748768473
-70.27931034482759
-55.85517241379311
14.704433497536945
-34.113793103448295
-26.127586206896556
134.46354679802954
25.236453201970438
6.661083743842356
0.8379310344827583
-38.532019704433516
-32.39408866995076
-36.68078817733992
-10.499014778325122
-6.223645320197049
-12.53891625615765
-53.56354679802957
50.79852216748768
114.42068965517241
-14.585714285714289
-53.83399014778326
-44.24827586206897
-44.98029556650247
-20.06059113300493
-16.74827586206897
-46.79014778325124
-44.045812807881774
5.568965517241387
-12.198522167487685
-25.243349753694577
-45.31182266009852
-48.37487684729064
-34.72019704433497
-33.154187192118215
-33.23645320197044
-12.144334975369457
-34.588177339901485
-53.44187192118226
-40.70935960591133
0.3482758620689615
-22.628571428571433
-37.31182266009853
-29.950738916256153
-17.419211822660095
-52.128078817733986
-36.646305418719216
5.0301724137931
4.843842364532022
-29.634975369458125
-19.431527093596056
9.304433497536948
34.01034482758621
34.59211822660098
-14.707881773399015
-22.326600985221685
-36.5384236453202
45.071921182266
102.71527093596059
19.463546798029558
-14.049261083743849
302.3753694581281
286.123645320197
199.32512315270932
33.29162561576353
2.976354679802938
-22.65615763546798
-48.38078817733991
-65.91034482758621
-52.092118226600995
38.74137931034482
11.163546798029552
-42.371428571428574
-47.59113300492612
-35.733990147783246
-41.79458128078817
-23.7320197044335
-103.36256157635468
-99.44729064039409
-64.93152709359606
-55.78817733990147
-38.12709359605912
-35.30049261083743
-44.24039408866995
-46.90344827586208
-39.2487684729064
-30.297044334975357
-34.37931034482757
-31.45862068965517
-39.24532019704434
-54.9847290640394
-50.96650246305419
7.105418719211818
-32.72857142857144
-47.926108374384235
-38.093596059113295
-45.83349753694581
-50.88522167487685
-41.689162561576346
-31.6948275862069
-23.370443349753693
-28.249261083743843
-25.360098522167487
-33.25270935960591
-45.94679802955665
-54.67931034482759
-10.779310344827588
29.830541871921174
-16.124137931034486
-77.428078817734
-90.42758620689656
-29.936453201970444
-94.79211822660099
-136.4960591133005
-113.34778325123155
-106.5177339901478
-79.56551724137934
-49.12364532019707
-28.19901477832513
322.1049261083744
80.53251231527092
48.43645320197043
29.96995073891625
-25.13645320197045
-57.47142857142857
-68.60541871921183
-26.23399014778325
-11.780295566502458
-21.074876847290643
18.166009852216746
-48.30443349753695
-21.231527093596064
52.940394088669954
84.13004926108374
118.47093596059115
-4.611822660098525
-13.603448275862075
-29.534482758620687
-20.99704433497536
-19.522167487684726
-21.315763546798024
-19.83103448275863
8.700985221674882
-15.337931034482759
-43.89458128078818
-47.34285714285715
-46.06896551724139
-39.779310344827586
-44.60492610837439
-48.48522167487685
-22.717733990147785
-3.569827586206901
-32.69901477832512
-34.37783251231527
10.15418719211823
46.618719211822665
9.838916256157637
-36.06502463054188
-43.279310344827586
-32.8408866995074
37.64729064039409
-37.185221674876864
-30.384729064039412
-78.06502463054187
-61.292118226600984
-74.13891625615763
-58.93349753694581
-77.73201970443351
-73.82266009852219
-40.43793103448278
15.486699507389163
-21.69507389162562
-22.92463054187193
144.57931034482755
-38.90147783251233
-42.56502463054188
-40.34285714285714
-49.591133004926114
-45.09113300492611
-56.98029556650247
-50.146305418719216
-107.8768472906404
-104.91871921182268
-65.13152709359606
-61.159605911330054
-40.641379310344824
-43.70049261083744
-53.940394088669954
-53.98916256157635
-57.10591133004925
-46.65418719211822
-41.52216748768472
-34.6871921182266
-40.131034482758636
-31.999014778325115
-49.62364532019704
-64.3088669950739
-54.642857142857146
74.10246305418718
4.206403940886703
5.552216748768473
-22.09950738916256
-28.732019704433498
-36.444827586206905
-46.84187192118226
2.579310344827588
-2.060098522167486
-41.395566502463055
3.567487684729064
-6.293596059113303
67.99211822660098
50.430541871921186
7.018719211822658
-37.270935960591146
-59.02758620689656
-96.97931034482758
-115.83497536945814
-133.23891625615764
-94.97635467980297
-85.8177339901478
-59.708374384236485
-9.62364532019706
-29.413300492610833
1.0049261083743812
-63.39605911330052
-73.06354679802959
-66.91576354679805
-51.17931034482759
-66.81428571428572
-55.43399014778326
-37.491133004926105
-54.523152709359614
-18.860591133004927
-98.30541871921183
-77.90443349753696
-61.00295566502463
-48.87389162561575
-29.127093596059108
-38.9576354679803
-50.254679802955664
-52.90344827586206
-56.9487684729064
-54.42561576354678
-7.479310344827577
9.798522167487688
-1.4596059113300563
-10.913300492610833
-6.595073891625614
108.49113300492613
39.51428571428572
142.35960591133002
39.84926108374384
12.73793103448276
43.214778325123156
16.310837438423643
-7.2948275862069005
-10.584729064039408
-24.306403940886696
-18.645812807881775
-37.552709359605906
-35.846798029556645
13.763546798029553
-14.807881773399018
72.17339901477831
163.36157635467978
86.40049261083742
-7.999014778325127
-24.107881773399015
-48.56354679802956
-95.9960591133005
-97.56206896551726
-98.5177339901478
-59.77980295566504
-36.93793103448278
25.929556650246305
12.833497536945814
-24.224630541871935
-47.206403940886716
-48.9729064039409
-39.26502463054187
-49.21428571428572
-57.79113300492612
-18.891133004926107
-48.43743842364531
-46.8320197044335
-77.93399014778325
-94.94729064039409
-52.702955665024625
-55.44532019704433
-37.655665024630544
-41.57192118226601
-36.06896551724138
-43.11773399014779
-17.220197044334974
58.860098522167505
-16.879310344827584
-17.858620689655172
-37.30246305418719
-40.770443349753684
43.53349753694581
0.5625615763546757
13.642857142857137
14.331034482758616
50.04926108374384
41.69507389162561
223.40049261083746
198.52512315270934
206.2551724137931
116.6152709359606
109.7793103448276
24.268472906403947
-14.981280788177338
20.15320197044335
12.363546798029557
-11.465024630541874
-15.055172413793112
-66.33842364532019
-48.38522167487685
266.00098522167485
49.03497536945812
14.807881773399007
88.37536945812806
21.9807881773399
-69.23201970443351
-75.82266009852218
-55.25221674876848
-52.78472906403941
-60.23793103448276
-81.75320197044337
-91.13497536945815
-76.2729064039409
-31.365024630541875
-50.357142857142854
94.38029556650245
23.008866995073895
-36.323152709359604
68.65369458128079
61.32315270935961
-23.30443349753696
-30.73152709359606
-28.931034482758612
-23.38423645320197
-26.643349753694576
-33.29753694581281
-39.88916256157636
-44.42019704433498
-41.954187192118226
-32.40788177339901
-30.058620689655168
-42.28817733990148
-44.11330049261084
-24.195073891625615
-55.35172413793104
-52.94285714285714
-50.868965517241385
-34.36502463054187
-26.562068965517238
-26.18522167487685
-31.903448275862065
0.8801724137931002
8.48669950738916
-26.320689655172412
-2.902955665024627
-18.895566502463055
-8.732512315270933
46.04926108374384
2.334975369458125
22.487684729064036
-25.981280788177344
19.08620689655171
-10.34187192118227
-45.25073891625615
-69.32068965517242
-93.11034482758622
-102.53349753694582
-117.0177339901478
-94.36551724137932
78.83349753694581
181.9581280788177
50.10492610837439
268.2467980295566
135.007881773399
37.65566502463054
0.6492610837438377
-2.1000000000000005
-45.948275862068975
-45.64827586206896
-54.05172413793103
-49.31773399014778
-99.24827586206898
-98.91871921182269
-62.017241379310335
77.64039408866996
-10.798522167487684
-30.671921182266004
-45.44039408866995
-50.16059113300493
-55.17733990147782
-51.95418719211822
-33.736453201970434
-20.8871921182266
-41.645320197044335
-58.084729064039394
-53.252216748768475
-31.52315270935961
-45.228571428571435
-52.66896551724138
-36.75073891625616
-42.076354679802954
-40.92807881773399
-23.260591133004933
18.1301724137931